0.000168776
0.000168776
0.000168776
0.000168776
0.000168776
0.000168776
0.000168776
0.000168776
0.000168776
0.000168776
0.000168776
0.000168776
0.000168776
0.000168776
0.000168776
0.000168776
0.000168776
0.000168776
0.000168776
0.000168776
0.000168776
0.000168776
0.000168776
0.000168776
0.000168776
0.000168776
0.000168776
0.000168776
0.000168776
0.000168776
0.000168776
0.000168776
0.000168776
0.000168776
0.000168776
0.000168776
0.000168776
0.000168776
0.000168776
0.000337553
0.000337553
0.000337553
0.000168776
0.000337553
0.000337553
0.000337553
0.000168776
0.000168776
0.000168776
0.000168776
0.000168776
0.000168776
0.000168776
0.000168776
0.000168776
0.000168776
0.000168776
0.000168776
0.000168776
0.000168776
0.000168776
0.000168776
0.000337553
0.000337553
0.000337553
0.000168776
0.000168776
0.000337553
0.000506329
0.000675105
0.000506329
0.000337553
0.000506329
0.000168776
0.000337553
0.000337553
0.000168776
0.000168776
0.000168776
0.000168776
0.000168776
0.000168776
0.000168776
0.000168776
0.000168776
0.000168776
0.000168776
0.000337553
0.000337553
0.000506329
0.000506329
0.000675105
0.000843882
0.00202532
0.00405063
0.00860759
0.0131646
0.0183966
0.024135
0.0273418
0.0278481
0.022616
0.0190717
0.0136709
0.00911392
0.00556962
0.00236287
0.00118143
0.000337553
0.000337553
0.000168776
0.000168776
0.000168776
0.000168776
0.000168776
0.000506329
0.000337553
0.000843882
0.00185654
0.00455696
0.0106329
0.0249789
0.0494515
0.0931646
0.160675
0.24135
0.312405
0.363882
0.374177
0.348692
0.292996
0.219747
0.133671
0.0735865
0.0337553
0.0102954
0.00185654
0.000337553
0.000168776
0.000168776
0.000168776
0.000168776
0.000168776
0.000675105
0.000675105
0.00185654
0.00523207
0.0131646
0.0349367
0.0778059
0.147342
0.255696
0.390886
0.530802
0.635274
0.712574
0.733502
0.698903
0.603038
0.4773
0.329451
0.194768
0.0869198
0.0308861
0.00421941
0.000337553
0.000168776
0.000168776
0.000168776
0.000168776
0.000168776
0.000168776
0.00168776
0.00489451
0.0121519
0.0329114
0.076962
0.161688
0.285232
0.442869
0.59173
0.720506
0.802363
0.855865
0.870211
0.856709
0.801519
0.682363
0.518143
0.34903
0.18481
0.0725738
0.011308
0.000843882
0.000337553
0.000337553
0.000168776
0.000168776
0.000168776
0.000337553
0.00185654
0.00860759
0.0232911
0.068692
0.155612
0.283376
0.445232
0.606414
0.734852
0.810295
0.844388
0.854346
0.866835
0.874768
0.86211
0.803207
0.679662
0.493165
0.303122
0.137384
0.027173
0.00135021
0.000168776
0.000337553
0.000337553
0.000168776
0.000506329
0.000675105
0.00236287
0.0123207
0.0481013
0.127764
0.254684
0.419409
0.596118
0.724726
0.792405
0.798481
0.77519
0.742785
0.734008
0.761013
0.800338
0.818903
0.763544
0.624473
0.417215
0.216709
0.0526582
0.00135021
0.000168776
0.000168776
0.000168776
0.000168776
0.000168776
0.000337553
0.00320675
0.0259916
0.0891139
0.213671
0.371308
0.564219
0.700928
0.779916
0.776371
0.714599
0.628017
0.558312
0.537553
0.555274
0.647932
0.749367
0.788186
0.710042
0.522025
0.298228
0.0798312
0.00168776
0.000168776
0.000168776
0.000168776
0.000168776
0.000337553
0.000506329
0.00624473
0.0519831
0.154768
0.312743
0.500591
0.675949
0.773333
0.773671
0.691477
0.571814
0.456371
0.358312
0.314262
0.351224
0.478481
0.650295
0.762363
0.751224
0.6
0.375021
0.112574
0.00236287
0.000168776
0.000168776
0.000168776
0.000337553
0.000168776
0.000337553
0.0108017
0.0918143
0.232574
0.426329
0.619916
0.759325
0.783122
0.702616
0.563207
0.411139
0.282363
0.194937
0.168439
0.215865
0.355612
0.556456
0.728101
0.774515
0.649958
0.429536
0.147848
0.00438819
0.000337553
0.000168776
0.000168776
0.000168776
0.000337553
0.000337553
0.0217722
0.145992
0.328776
0.543966
0.715949
0.789198
0.736034
0.588523
0.41097
0.252489
0.142278
0.0933333
0.0906329
0.147173
0.290127
0.497046
0.695021
0.769283
0.669873
0.460422
0.174852
0.00658228
0.000337553
0.000168776
0.000168776
0.000337553
0.000506329
0.000675105
0.0362869
0.214346
0.428186
0.642025
0.772827
0.772658
0.650464
0.455527
0.261941
0.130127
0.0639662
0.0450633
0.0531646
0.126245
0.272911
0.478312
0.68135
0.762532
0.663122
0.457553
0.183797
0.00759494
0.000168776
0.000168776
0.000168776
0.000168776
0.000168776
0.000506329
0.0590717
0.289789
0.523038
0.71865
0.795949
0.724557
0.54616
0.324557
0.151899
0.0636287
0.0325738
0.0268354
0.0518143
0.141266
0.295359
0.51038
0.692658
0.749536
0.640506
0.428861
0.177384
0.00860759
0.000168776
0.000168776
0.000168776
0.000168776
0.000168776
0.000675105
0.08827
0.360169
0.594937
0.765907
0.795612
0.658397
0.447089
0.218228
0.0869198
0.0344304
0.0205907
0.0318987
0.0774684
0.196456
0.367426
0.571308
0.722025
0.726751
0.6
0.386667
0.156624
0.0092827
0.000168776
0.000168776
0.000168776
0.000168776
0.000168776
0.00135021
0.114937
0.418565
0.64135
0.792236
0.774008
0.600169
0.362869
0.156962
0.0597468
0.0263291
0.028692
0.0654852
0.147848
0.292996
0.484895
0.650464
0.745823
0.691308
0.535527
0.329789
0.123376
0.00658228
0.000168776
0.000168776
0.000168776
0.000168776
0.000168776
0.00168776
0.141435
0.448101
0.66616
0.80135
0.758481
0.563376
0.325232
0.14211
0.0666667
0.054346
0.0801688
0.149536
0.274937
0.451139
0.605232
0.729114
0.739747
0.62211
0.433249
0.243882
0.0874262
0.00388186
0.000168776
0.000337553
0.000168776
0.000168776
0.000168776
0.00202532
0.152068
0.447089
0.662785
0.798987
0.764726
0.589873
0.370633
0.208101
0.141772
0.147342
0.212658
0.320844
0.464641
0.606076
0.721519
0.754093
0.677975
0.512405
0.328608
0.162532
0.0492827
0.00236287
0.000168776
0.000168776
0.000168776
0.000337553
0.000337553
0.00303797
0.144473
0.415696
0.633249
0.787511
0.796624
0.684219
0.518987
0.379916
0.327932
0.347511
0.425316
0.537384
0.652489
0.742616
0.772321
0.714093
0.55865
0.382616
0.217046
0.0914768
0.0214346
0.00118143
0.000168776
0.000168776
0.000168776
0.000337553
0.000337553
0.0028692
0.11308
0.34346
0.566245
0.747679
0.83308
0.815696
0.731308
0.649789
0.613333
0.619578
0.67308
0.737046
0.789198
0.795274
0.723713
0.566414
0.403038
0.24962
0.115612
0.0401688
0.00759494
0.000675105
0.000337553
0.000168776
0.000168776
0.000168776
0.000337553
0.00253165
0.0791561
0.240169
0.451646
0.651983
0.806582
0.884219
0.889958
0.862616
0.83865
0.831224
0.837806
0.839494
0.8027
0.702278
0.551392
0.39308
0.242869
0.122025
0.0477637
0.0131646
0.00270042
0.000337553
0.000675105
0.000337553
0.000168776
0.000168776
0.000168776
0.00135021
0.0357806
0.134684
0.291477
0.480506
0.661603
0.798481
0.876118
0.896878
0.890633
0.872068
0.835274
0.758819
0.639831
0.489114
0.337384
0.205063
0.103966
0.0413502
0.0135021
0.00337553
0.00118143
0.000675105
0.000337553
0.000337553
0.000168776
0.000168776
0.000168776
0.000337553
0.00911392
0.0474262
0.128101
0.25384
0.405232
0.549873
0.660759
0.720506
0.726245
0.687932
0.601688
0.486245
0.360844
0.238312
0.13789
0.0659916
0.025654
0.00793249
0.00320675
0.00151899
0.000843882
0.000506329
0.000168776
0.000168776
0.000168776
0.000168776
0.000168776
0.000168776
0.00151899
0.00590717
0.0183966
0.0443882
0.0823629
0.129789
0.168776
0.197131
0.207257
0.191899
0.1627
0.124388
0.0806751
0.0474262
0.0216034
0.00962025
0.00320675
0.000843882
0.000843882
0.000506329
0.000506329
0.000337553
0.000168776
0.000168776
0.000168776
0.000168776
0.000168776
0.000168776
0.000168776
0.000168776
0.000337553
0.000506329
0.00135021
0.00253165
0.0028692
0.00320675
0.00303797
0.00253165
0.00219409
0.00135021
0.000843882
0.000337553
0.000337553
0.000168776
0.000168776
0.000168776
0.000168776
0.000168776
0.000168776
0.000168776
0.000168776
0.000168776
0.000168776
0.000168776
0.000168776
0.000168776
0.000168776
0.000168776
0.000168776
0.000168776
0.000168776
0.000168776
0.000168776
0.000168776
0.000168776
0.000168776
0.000168776
0.000168776
0.000168776
0.000168776
0.000168776
0.000168776
0.000168776
0.000168776
0.000168776
0.000168776
0.000168776
0.000168776
0.000168776
0.000168776
0.000168776
0.000168776
0.000168776
0.000168776
0.000168776
0.000168776
0.000168776
0.000168776
0.000168776
0.000168776
0.000168776
0.000168776
0.000168776
0.000168776
0.000168776
0.000168776
0.000168776
0.000168776
0.000168776
0.000168776
0.000168776
0.000168776
0.000168776
0.000168776
0.000168776
0.000168776
0.000168776
0.000168776
0.00014828
0.00014828
0.00014828
0.00014828
0.00014828
0.00014828
0.00014828
0.00014828
0.00014828
0.00014828
0.00014828
0.00014828
0.00014828
0.00014828
0.00014828
0.00014828
0.00014828
0.00014828
0.00014828
0.00014828
0.00014828
0.00014828
0.00014828
0.00014828
0.00014828
0.00014828
0.00014828
0.00014828
0.00014828
0.00014828
0.00014828
0.00014828
0.00014828
0.00014828
0.00014828
0.00014828
0.00014828
0.00014828
0.00014828
0.00014828
0.00014828
0.00014828
0.00044484
0.00044484
0.00044484
0.00014828
0.00014828
0.00014828
0.00014828
0.00014828
0.00014828
0.00014828
0.00014828
0.00014828
0.00014828
0.00014828
0.00014828
0.00014828
0.00014828
0.00014828
0.00014828
0.00014828
0.00014828
0.00014828
0.00014828
0.00014828
0.00029656
0.00029656
0.00044484
0.00103796
0.00237248
0.00207592
0.00207592
0.00059312
0.00044484
0.00029656
0.00029656
0.00014828
0.00014828
0.00014828
0.00014828
0.00014828
0.00014828
0.00014828
0.00014828
0.00014828
0.00029656
0.00014828
0.00014828
0.00014828
0.00014828
0.00014828
0.00014828
0.00044484
0.00103796
0.00118624
0.003707
0.0081554
0.0118624
0.0120107
0.0109727
0.00800712
0.00696916
0.00474496
0.00252076
0.00177936
0.00088968
0.00044484
0.00014828
0.00014828
0.00014828
0.00014828
0.00014828
0.00014828
0.00029656
0.00029656
0.00044484
0.00044484
0.00059312
0.0007414
0.00177936
0.00459668
0.0143832
0.0361803
0.0917853
0.168446
0.233689
0.267349
0.259786
0.242141
0.207147
0.162811
0.109134
0.0597568
0.0265421
0.00860024
0.00237248
0.00014828
0.00014828
0.00014828
0.00014828
0.00014828
0.00029656
0.00059312
0.00059312
0.0007414
0.0014828
0.00207592
0.0029656
0.00845196
0.0238731
0.0659846
0.153173
0.288849
0.407325
0.47331
0.480872
0.434757
0.364176
0.274021
0.179864
0.103499
0.0440391
0.0170522
0.0044484
0.00029656
0.00029656
0.00014828
0.00014828
0.00014828
0.00014828
0.00044484
0.00059312
0.00103796
0.0014828
0.00266904
0.00474496
0.0088968
0.0262456
0.0717675
0.172005
0.323399
0.473903
0.564502
0.573843
0.509193
0.407473
0.29048
0.179715
0.098013
0.0404804
0.0136418
0.00415184
0.00014828
0.00014828
0.00014828
0.00014828
0.00014828
0.00029656
0.00044484
0.0007414
0.00103796
0.00118624
0.00311388
0.00489324
0.00904508
0.0223903
0.0699881
0.177195
0.346827
0.526987
0.647539
0.638197
0.542408
0.401394
0.267497
0.152135
0.069395
0.0283215
0.00948992
0.00311388
0.00014828
0.00029656
0.00014828
0.00014828
0.00014828
0.00014828
0.00029656
0.00059312
0.0007414
0.00237248
0.00355872
0.00489324
0.00830368
0.0194247
0.0647983
0.176453
0.374259
0.591934
0.726423
0.702106
0.545374
0.364917
0.215451
0.102017
0.0413701
0.014828
0.00400356
0.00133452
0.00014828
0.00014828
0.00014828
0.00014828
0.00029656
0.00014828
0.00029656
0.00029656
0.00088968
0.00237248
0.00281732
0.00430012
0.00948992
0.0189798
0.0560498
0.175563
0.410884
0.678677
0.82844
0.734134
0.517645
0.314798
0.157177
0.0590154
0.0192764
0.0059312
0.00177936
0.00088968
0.00029656
0.00029656
0.00014828
0.00014828
0.00029656
0.00014828
0.00014828
0.00029656
0.0007414
0.00133452
0.00311388
0.00430012
0.0088968
0.0186833
0.0504152
0.180902
0.466044
0.793001
0.908215
0.739917
0.463523
0.240658
0.0948992
0.0258007
0.00682088
0.0029656
0.00133452
0.00014828
0.00059312
0.00044484
0.00029656
0.00014828
0.00029656
0.00029656
0.00029656
0.00088968
0.00118624
0.00088968
0.00237248
0.003707
0.00874852
0.0182384
0.0458185
0.191133
0.566281
0.908066
0.947657
0.718565
0.3879
0.155397
0.044484
0.010083
0.00266904
0.00192764
0.0007414
0.00029656
0.00059312
0.00029656
0.00029656
0.00014828
0.00014828
0.00014828
0.00029656
0.00088968
0.00059312
0.00088968
0.0014828
0.00533808
0.00978648
0.0167556
0.0401839
0.224941
0.719751
0.976275
0.96204
0.682977
0.280397
0.0794781
0.0149763
0.0029656
0.00207592
0.00103796
0.00044484
0.00014828
0.00029656
0.00014828
0.00029656
0.00029656
0.00014828
0.00014828
0.00044484
0.00059312
0.00044484
0.00088968
0.00177936
0.00459668
0.0081554
0.0139383
0.0502669
0.310202
0.867586
0.991251
0.960409
0.605724
0.163701
0.0283215
0.00489324
0.00177936
0.0014828
0.00088968
0.00029656
0.00014828
0.00029656
0.00014828
0.00014828
0.00014828
0.00014828
0.00014828
0.00059312
0.00059312
0.00059312
0.00088968
0.0014828
0.00430012
0.007414
0.0161625
0.0846679
0.445285
0.934905
0.993179
0.941281
0.463968
0.0817023
0.0106762
0.00192764
0.0014828
0.0014828
0.00088968
0.00029656
0.00029656
0.00029656
0.00014828
0.00014828
0.00014828
0.00014828
0.00044484
0.00044484
0.00059312
0.00029656
0.00029656
0.00207592
0.00355872
0.00771056
0.0351423
0.17156
0.586595
0.954626
0.991103
0.873072
0.322954
0.0427046
0.00504152
0.00163108
0.00103796
0.00163108
0.00088968
0.00029656
0.00029656
0.00014828
0.00014828
0.00014828
0.00014828
0.00029656
0.00044484
0.00014828
0.00044484
0.00044484
0.00088968
0.00207592
0.00474496
0.018535
0.0865955
0.292705
0.661477
0.952995
0.973013
0.732206
0.234875
0.0348458
0.00474496
0.00237248
0.00177936
0.00163108
0.00118624
0.00044484
0.00059312
0.00029656
0.00029656
0.00014828
0.00014828
0.00029656
0.00029656
0.00014828
0.00044484
0.00103796
0.00133452
0.00355872
0.0145314
0.0521945
0.170522
0.399911
0.701216
0.936388
0.905694
0.576809
0.197361
0.0404804
0.0088968
0.00578292
0.00311388
0.00237248
0.0022242
0.00133452
0.00118624
0.00059312
0.00044484
0.00014828
0.00014828
0.00014828
0.00014828
0.00014828
0.00014828
0.0007414
0.00237248
0.010083
0.0341044
0.107058
0.255635
0.470047
0.718565
0.893683
0.785735
0.48191
0.192023
0.0493772
0.0146797
0.00845196
0.00682088
0.00533808
0.00311388
0.00163108
0.00118624
0.00088968
0.00044484
0.00044484
0.00014828
0.00029656
0.00029656
0.00044484
0.00044484
0.00192764
0.00785884
0.0260973
0.0756228
0.176305
0.336447
0.520759
0.710854
0.819098
0.676157
0.425563
0.200919
0.0668743
0.0234282
0.0136418
0.0081554
0.00622776
0.00341044
0.00252076
0.00133452
0.00103796
0.00029656
0.00044484
0.00014828
0.00014828
0.00014828
0.00044484
0.00103796
0.00607948
0.0215006
0.0526394
0.128114
0.245403
0.392497
0.545819
0.677639
0.724941
0.59653
0.399763
0.215747
0.0851127
0.0345492
0.0179419
0.0109727
0.00622776
0.00355872
0.00192764
0.00133452
0.00118624
0.00029656
0.00029656
0.00029656
0.00014828
0.00029656
0.00044484
0.00237248
0.0136418
0.0358837
0.0799229
0.171708
0.290629
0.42245
0.543891
0.625593
0.638197
0.543743
0.385231
0.228648
0.105724
0.0409253
0.0197212
0.0108244
0.00622776
0.00266904
0.0014828
0.00103796
0.0007414
0.00044484
0.00014828
0.00029656
0.00014828
0.00029656
0.00044484
0.00355872
0.0189798
0.0455219
0.102313
0.198843
0.306791
0.421263
0.503707
0.553233
0.553084
0.490955
0.370996
0.225386
0.108986
0.0418149
0.0172005
0.007414
0.00459668
0.00133452
0.00059312
0.00029656
0.00059312
0.00029656
0.00014828
0.00014828
0.00014828
0.00014828
0.00014828
0.00400356
0.0186833
0.0401839
0.0937129
0.181495
0.278618
0.361507
0.413256
0.441726
0.447509
0.416667
0.313167
0.188612
0.0828885
0.0284698
0.00978648
0.00415184
0.00192764
0.0007414
0.00044484
0.00059312
0.00044484
0.00059312
0.00014828
0.00014828
0.00014828
0.00014828
0.00014828
0.0014828
0.00563464
0.0129004
0.0271352
0.0483393
0.0787367
0.103499
0.118772
0.128114
0.138345
0.129597
0.0977165
0.0507117
0.0197212
0.00548636
0.0022242
0.0007414
0.00088968
0.00044484
0.00044484
0.00014828
0.00029656
0.00014828
0.00014828
0.00014828
0.00014828
0.00014828
0.00014828
0.00014828
0.00029656
0.00029656
0.00103796
0.0014828
0.00207592
0.0022242
0.00341044
0.00474496
0.0059312
0.00578292
0.0029656
0.0014828
0.00044484
0.00014828
0.00014828
0.00014828
0.00014828
0.00014828
0.00014828
0.00014828
0.00014828
0.00014828
0.00014828
0.00014828
0.00014828
0.00014828
0.00014828
0.00014828
0.00014828
0.00014828
0.00014828
0.00014828
0.00014828
0.00029656
0.00029656
0.00014828
0.00014828
0.00029656
0.00029656
0.00029656
0.00014828
0.00014828
0.00014828
0.00014828
0.00014828
0.00014828
0.00014828
0.00014828
0.00014828
0.00014828
0.00014828
0.00014828
0.00014828
0.00014828
0.00014828
0.00014828
0.00014828
0.00014828
0.00014828
0.00014828
0.00014828
0.00014828
0.00014828
0.00014828
0.00014828
0.00014828
0.00014828
0.00014828
0.00014828
0.00014828
0.00014828
0.00014828
0.00014828
0.00014828
0.00014828
0.00014828
0.00014828
0.00014828
0.00014828
0.000167785
0.000167785
0.000167785
0.000167785
0.000167785
0.000167785
0.000167785
0.000167785
0.000167785
0.000167785
0.000167785
0.000167785
0.000167785
0.00033557
0.00033557
0.000167785
0.000167785
0.000167785
0.000167785
0.000167785
0.000167785
0.000167785
0.000167785
0.000167785
0.000167785
0.000167785
0.000167785
0.000167785
0.000167785
0.000167785
0.000167785
0.000167785
0.000167785
0.000167785
0.000167785
0.000167785
0.000503356
0.000671141
0.00100671
0.000838926
0.000671141
0.00100671
0.0011745
0.00167785
0.00218121
0.0011745
0.00033557
0.000167785
0.000167785
0.000167785
0.000167785
0.000167785
0.000167785
0.000167785
0.000167785
0.000167785
0.000167785
0.000167785
0.000167785
0.000167785
0.000167785
0.00033557
0.000838926
0.00184564
0.00369128
0.00755034
0.010906
0.015604
0.0206376
0.0224832
0.0248322
0.0238255
0.0192953
0.0130872
0.00771812
0.00318792
0.00134228
0.000503356
0.000167785
0.00033557
0.000503356
0.00033557
0.000167785
0.000167785
0.000167785
0.000167785
0.000167785
0.000167785
0.00033557
0.00268456
0.00855705
0.020302
0.0417785
0.072651
0.106711
0.147987
0.190436
0.220638
0.235906
0.23104
0.206208
0.161074
0.11057
0.0677852
0.0387584
0.0172819
0.0057047
0.0011745
0.000503356
0.00033557
0.000167785
0.000167785
0.000167785
0.000167785
0.00033557
0.000503356
0.00184564
0.011745
0.0322148
0.0714765
0.130369
0.212584
0.303859
0.40453
0.498658
0.566779
0.593289
0.589597
0.539933
0.455034
0.337752
0.229362
0.133893
0.0669463
0.025
0.00419463
0.000503356
0.000503356
0.000167785
0.000167785
0.000167785
0.000167785
0.000503356
0.000671141
0.00620805
0.0280201
0.0743289
0.145638
0.245638
0.357886
0.475839
0.590604
0.673658
0.736577
0.767282
0.773826
0.734396
0.652349
0.52198
0.371477
0.239262
0.132718
0.0577181
0.0129195
0.0011745
0.000503356
0.000167785
0.000167785
0.000167785
0.000167785
0.00033557
0.00151007
0.0110738
0.0461409
0.120134
0.212919
0.32953
0.443456
0.557047
0.64396
0.704195
0.74245
0.764094
0.772148
0.766107
0.719463
0.620638
0.477349
0.322987
0.194128
0.0864094
0.0221477
0.0011745
0.00033557
0.00033557
0.000167785
0.000167785
0.000167785
0.000503356
0.00218121
0.0169463
0.061745
0.14698
0.245134
0.348658
0.448658
0.531544
0.582383
0.603523
0.605872
0.611913
0.638423
0.670973
0.68943
0.64245
0.536745
0.378356
0.237919
0.117282
0.0312081
0.00167785
0.000503356
0.00033557
0.000167785
0.000167785
0.00033557
0.000671141
0.00218121
0.017953
0.067953
0.146141
0.229362
0.305201
0.377013
0.427013
0.438423
0.439262
0.427013
0.439933
0.482383
0.556544
0.635738
0.644799
0.566443
0.417282
0.258893
0.130201
0.034396
0.00151007
0.000671141
0.000167785
0.000167785
0.000167785
0.000167785
0.000671141
0.00251678
0.0182886
0.0610738
0.126174
0.180369
0.232047
0.269631
0.295134
0.288758
0.273154
0.265436
0.289094
0.369463
0.491946
0.608725
0.650839
0.579362
0.427852
0.258389
0.130201
0.0357383
0.00134228
0.00033557
0.00033557
0.000167785
0.000167785
0.000167785
0.000503356
0.00201342
0.0119128
0.0474832
0.0884228
0.121141
0.153859
0.17198
0.175168
0.165772
0.155369
0.157215
0.213255
0.326007
0.481544
0.614094
0.64849
0.575503
0.415772
0.242953
0.115101
0.0318792
0.00268456
0.00100671
0.000671141
0.000167785
0.000167785
0.000167785
0.000167785
0.00134228
0.00872483
0.0295302
0.0533557
0.0674497
0.0845638
0.0966443
0.100671
0.0968121
0.0989933
0.126846
0.212248
0.352685
0.513423
0.632886
0.653691
0.556376
0.385067
0.214765
0.092953
0.0261745
0.00553691
0.00268456
0.000671141
0.000167785
0.000167785
0.000167785
0.000167785
0.000838926
0.00486577
0.016443
0.0266779
0.0401007
0.0540268
0.0657718
0.0785235
0.0921141
0.11594
0.182047
0.291946
0.425839
0.568289
0.658725
0.643121
0.518121
0.34094
0.175503
0.0734899
0.0213087
0.00973154
0.00520134
0.0011745
0.00033557
0.000167785
0.000167785
0.00033557
0.000671141
0.00402685
0.0125839
0.0278523
0.0489933
0.0734899
0.103356
0.138087
0.182886
0.238087
0.322148
0.422651
0.535067
0.639094
0.675168
0.599497
0.452349
0.287752
0.141275
0.0604027
0.0263423
0.0167785
0.0100671
0.00369128
0.000671141
0.000167785
0.000167785
0.000167785
0.00134228
0.00704698
0.0256711
0.059396
0.107215
0.163087
0.223993
0.292785
0.366946
0.441611
0.528691
0.603523
0.670973
0.699832
0.665101
0.55604
0.401174
0.238591
0.124497
0.0634228
0.039094
0.0285235
0.0167785
0.00604027
0.000503356
0.000167785
0.000167785
0.00033557
0.00402685
0.0211409
0.0659396
0.138591
0.223826
0.313255
0.400168
0.486745
0.572483
0.654027
0.724664
0.763423
0.770134
0.728523
0.642114
0.513087
0.365604
0.237081
0.145805
0.0954698
0.0706376
0.0491611
0.0253356
0.00838926
0.0011745
0.000167785
0.000167785
0.000838926
0.0112416
0.0515101
0.136074
0.245973
0.361242
0.472483
0.566946
0.640268
0.709228
0.775671
0.809899
0.819128
0.783725
0.716779
0.616611
0.499497
0.376342
0.275671
0.201174
0.15604
0.121477
0.0847315
0.0449664
0.0120805
0.00100671
0.000167785
0.000167785
0.00100671
0.0243289
0.0926174
0.215101
0.35604
0.48557
0.571309
0.640772
0.694799
0.750671
0.784732
0.809732
0.802517
0.760403
0.699161
0.617785
0.536913
0.438087
0.361074
0.294966
0.241107
0.183054
0.128691
0.0654362
0.0134228
0.00100671
0.000167785
0.000167785
0.00151007
0.0401007
0.136242
0.277685
0.436242
0.556544
0.638423
0.688255
0.72349
0.756711
0.784396
0.792953
0.773826
0.737584
0.692953
0.651174
0.592114
0.526678
0.461577
0.397987
0.327685
0.252685
0.166779
0.0728188
0.010906
0.000838926
0.000167785
0.000167785
0.00184564
0.0493289
0.162752
0.312584
0.480201
0.611074
0.705034
0.75604
0.785403
0.797819
0.794631
0.781376
0.749161
0.706544
0.676342
0.649161
0.622651
0.586577
0.525503
0.463255
0.375
0.272651
0.168456
0.065604
0.00939597
0.000503356
0.000167785
0.000167785
0.00318792
0.0531879
0.161745
0.30604
0.480537
0.622819
0.738255
0.79849
0.812248
0.808893
0.779362
0.720973
0.657886
0.618456
0.595302
0.585738
0.581544
0.55906
0.518121
0.43943
0.348993
0.243289
0.138758
0.0474832
0.00738255
0.000167785
0.000167785
0.00033557
0.00318792
0.0426174
0.132886
0.257383
0.412081
0.557383
0.674832
0.741107
0.751007
0.718289
0.657718
0.584396
0.512416
0.467114
0.444631
0.451678
0.461242
0.457047
0.415101
0.344295
0.257215
0.175168
0.0921141
0.0275168
0.00352349
0.000167785
0.000167785
0.000167785
0.00218121
0.0239933
0.0802013
0.161242
0.280369
0.398993
0.495973
0.545134
0.549664
0.510738
0.448154
0.38104
0.324161
0.28943
0.281544
0.291946
0.298826
0.285235
0.260067
0.208893
0.153356
0.0968121
0.0474832
0.0130872
0.000838926
0.000167785
0.000167785
0.000167785
0.00033557
0.0057047
0.0238255
0.057047
0.102517
0.155872
0.199664
0.22953
0.234732
0.214765
0.190101
0.159396
0.137081
0.121477
0.119966
0.121141
0.119799
0.11443
0.102013
0.0818792
0.0572148
0.0345638
0.0119128
0.00218121
0.00033557
0.000167785
0.000167785
0.000167785
0.000167785
0.00033557
0.00184564
0.00436242
0.00939597
0.014094
0.0191275
0.0218121
0.0255034
0.0258389
0.0276846
0.0253356
0.0253356
0.0244966
0.0236577
0.0229866
0.020302
0.0171141
0.0139262
0.0115772
0.00872483
0.00637584
0.00268456
0.00100671
0.00033557
0.000167785
0.000167785
0.000167785
0.000167785
0.000167785
0.000167785
0.000167785
0.00033557
0.000503356
0.000503356
0.000503356
0.000838926
0.0011745
0.00151007
0.00218121
0.00268456
0.00285235
0.00251678
0.00285235
0.00234899
0.00167785
0.00134228
0.00100671
0.000671141
0.00033557
0.000167785
0.00033557
0.00033557
0.000167785
0.000167785
0.000167785
0.000167785
0.000167785
0.000167785
0.000167785
0.000167785
0.000167785
0.000167785
0.000167785
0.000167785
0.000167785
0.000167785
0.000167785
0.000167785
0.000167785
0.000167785
0.000167785
0.000167785
0.000167785
0.000167785
0.000167785
0.000167785
0.000167785
0.000167785
0.000167785
0.000167785
0.000167785
0.000167785
0.000167785
0.000167785
0.000167785
0.000167785
0.000167785
0.000167785
0.000167785
0.000167785
0.000167785
0.000167785
0.000167785
0.000167785
0.000167785
0.000167785
0.000167785
0.000167785
0.000167785
0.000167785
0.000167785
0.000167785
0.000167785
0.000167785
0.000167785
0.000167785
0.000167785
0.000167785
0.000167785
0.000163052
0.000163052
0.000163052
0.000163052
0.000163052
0.000163052
0.000163052
0.000163052
0.000163052
0.000163052
0.000163052
0.000163052
0.000163052
0.000163052
0.000163052
0.000163052
0.000163052
0.000163052
0.000163052
0.000163052
0.000163052
0.000163052
0.000163052
0.000163052
0.000163052
0.000163052
0.000163052
0.000163052
0.000163052
0.000163052
0.000163052
0.000163052
0.000163052
0.000163052
0.000163052
0.000163052
0.000163052
0.000163052
0.000163052
0.000163052
0.000163052
0.000163052
0.000163052
0.000163052
0.000163052
0.000163052
0.000163052
0.000163052
0.000163052
0.000163052
0.000163052
0.000163052
0.000163052
0.000163052
0.000163052
0.000163052
0.000163052
0.000163052
0.000163052
0.000163052
0.000163052
0.000163052
0.000163052
0.000163052
0.000163052
0.000163052
0.000326105
0.000489157
0.000489157
0.000489157
0.000489157
0.000652209
0.000489157
0.000489157
0.000489157
0.000326105
0.000163052
0.000163052
0.000163052
0.000163052
0.000163052
0.000163052
0.000163052
0.000163052
0.000163052
0.000163052
0.000163052
0.000163052
0.000163052
0.000978314
0.00146747
0.00244579
0.00586988
0.00962009
0.0153269
0.0241317
0.031143
0.0353824
0.0378281
0.0363607
0.031306
0.0265775
0.0194032
0.0102723
0.00668515
0.00309799
0.000978314
0.000163052
0.000163052
0.000163052
0.000163052
0.000163052
0.000163052
0.000326105
0.000326105
0.000815262
0.00260884
0.0114137
0.0255992
0.0521767
0.0911463
0.143975
0.204468
0.261536
0.30768
0.337355
0.345508
0.328714
0.280939
0.220773
0.155226
0.103701
0.055927
0.024947
0.00945704
0.00130442
0.000163052
0.000163052
0.000163052
0.000163052
0.000163052
0.000163052
0.000326105
0.00309799
0.0184249
0.0481004
0.0983206
0.174629
0.273928
0.395891
0.517528
0.625795
0.706343
0.758519
0.768466
0.737323
0.672102
0.556008
0.419045
0.288113
0.176586
0.090331
0.0316322
0.00652209
0.000978314
0.000163052
0.000163052
0.000163052
0.000163052
0.000163052
0.00114137
0.0109245
0.0414153
0.0960378
0.178053
0.292027
0.430621
0.565466
0.683352
0.770422
0.82586
0.858634
0.872982
0.878689
0.836295
0.744008
0.598402
0.436491
0.288603
0.159791
0.0619599
0.0143486
0.00163052
0.000163052
0.000163052
0.000163052
0.000163052
0.000978314
0.00114137
0.0177727
0.0608185
0.122941
0.218164
0.325779
0.442687
0.554052
0.631665
0.676504
0.693625
0.706669
0.737975
0.786238
0.79863
0.766509
0.658731
0.5128
0.345671
0.202022
0.0838089
0.0192402
0.00179358
0.000163052
0.000163052
0.000163052
0.000163052
0.000326105
0.00114137
0.0210338
0.0601663
0.114789
0.189304
0.27083
0.349258
0.409261
0.433393
0.43698
0.430132
0.447579
0.50856
0.612588
0.689059
0.717267
0.658079
0.527637
0.359204
0.204794
0.0862547
0.0200554
0.00130442
0.000163052
0.000163052
0.000163052
0.000163052
0.000326105
0.00130442
0.0158161
0.0474482
0.0823414
0.134844
0.175607
0.209848
0.233491
0.238546
0.242622
0.259416
0.310941
0.418881
0.563835
0.68694
0.720854
0.64422
0.491114
0.323007
0.169901
0.0697864
0.0158161
0.000652209
0.000326105
0.000163052
0.000163052
0.000163052
0.000326105
0.000978314
0.0114137
0.0277189
0.0459808
0.0707647
0.0883744
0.111039
0.126855
0.154084
0.201533
0.280776
0.391978
0.548834
0.68482
0.769607
0.728681
0.609164
0.422469
0.251427
0.116419
0.0463069
0.00847872
0.000326105
0.000489157
0.000163052
0.000163052
0.000163052
0.000326105
0.000815262
0.00603294
0.0148378
0.0226643
0.0347301
0.0511984
0.077939
0.131257
0.220936
0.355291
0.498288
0.644709
0.758683
0.823414
0.818523
0.719876
0.547204
0.337681
0.181966
0.0733736
0.018751
0.00440241
0.000163052
0.000326105
0.000163052
0.000163052
0.000163052
0.000163052
0.000326105
0.00260884
0.00766346
0.0145117
0.021849
0.0487526
0.115115
0.23235
0.400293
0.576879
0.727376
0.832545
0.886679
0.891407
0.832708
0.716126
0.515082
0.314528
0.15278
0.0564161
0.0161422
0.00260884
0.000326105
0.000489157
0.000163052
0.000163052
0.000163052
0.000163052
0.000163052
0.00114137
0.00456547
0.00864177
0.0238056
0.068482
0.16028
0.325779
0.52829
0.70618
0.822762
0.881787
0.890918
0.87233
0.825371
0.729659
0.567911
0.378444
0.20137
0.0844611
0.0260884
0.00538073
0.000652209
0.000326105
0.000163052
0.000163052
0.000163052
0.000489157
0.000326105
0.00146747
0.00538073
0.0122289
0.0293494
0.0784282
0.180173
0.338823
0.514267
0.659547
0.736181
0.766998
0.760476
0.756889
0.763411
0.741236
0.660036
0.494864
0.298875
0.141203
0.0552747
0.0130442
0.00163052
0.000326105
0.000163052
0.000163052
0.000163052
0.000326105
0.00163052
0.00505462
0.0102723
0.0202185
0.0358715
0.0697864
0.144464
0.263819
0.381542
0.466819
0.50106
0.508234
0.514756
0.548182
0.618947
0.693625
0.700473
0.595141
0.406489
0.213109
0.0937551
0.0282081
0.00358715
0.000163052
0.000489157
0.000163052
0.000163052
0.000489157
0.00407631
0.0128811
0.0241317
0.0360346
0.0471221
0.0637535
0.102723
0.155878
0.208055
0.246698
0.255177
0.253057
0.277189
0.342736
0.4722
0.631665
0.703408
0.645687
0.469591
0.272787
0.124083
0.0432089
0.00619599
0.000163052
0.000326105
0.000163052
0.000163052
0.000652209
0.00652209
0.0265775
0.0487526
0.0673406
0.0772868
0.0870699
0.0960378
0.0970161
0.101908
0.10256
0.103864
0.1143
0.15115
0.245231
0.40013
0.586825
0.690038
0.658405
0.492092
0.296592
0.149682
0.0511984
0.0071743
0.000163052
0.000163052
0.000163052
0.000163052
0.000326105
0.0104353
0.0461438
0.0864177
0.125061
0.146747
0.155389
0.142834
0.120007
0.0976684
0.0851133
0.077776
0.0913093
0.14479
0.268221
0.443502
0.609164
0.69607
0.657916
0.482635
0.294799
0.1549
0.0516876
0.00668515
0.000163052
0.000163052
0.000163052
0.000163052
0.000815262
0.0151639
0.0631013
0.128648
0.191586
0.235937
0.260232
0.257623
0.225501
0.189467
0.152128
0.142834
0.176749
0.257949
0.394261
0.553563
0.687918
0.713191
0.631339
0.445785
0.269526
0.134518
0.0410892
0.00440241
0.000163052
0.000163052
0.000163052
0.000163052
0.00114137
0.0172835
0.0745149
0.152617
0.245231
0.326594
0.389043
0.418881
0.409261
0.377792
0.341758
0.344203
0.389043
0.479048
0.600848
0.715148
0.757541
0.707484
0.552258
0.370618
0.212294
0.0976684
0.0251101
0.00244579
0.000163052
0.000326105
0.000163052
0.000163052
0.00114137
0.0158161
0.0670145
0.147888
0.255014
0.378608
0.487526
0.573944
0.618621
0.621719
0.619436
0.632317
0.675852
0.73504
0.790804
0.805642
0.746128
0.604924
0.430132
0.267243
0.138268
0.0508723
0.0105984
0.000815262
0.000163052
0.000326105
0.000163052
0.000163052
0.000326105
0.0117398
0.0464699
0.111691
0.209522
0.348443
0.491929
0.625795
0.726072
0.788032
0.820479
0.841187
0.854883
0.853253
0.822273
0.73879
0.599217
0.42948
0.268384
0.147073
0.0639165
0.0200554
0.00358715
0.000326105
0.000163052
0.000163052
0.000163052
0.000163052
0.000163052
0.00570683
0.0228273
0.0657101
0.12979
0.232676
0.366542
0.504647
0.628893
0.724768
0.780042
0.802381
0.785912
0.730638
0.635578
0.495842
0.348443
0.219305
0.124246
0.0556008
0.0194032
0.00505462
0.000815262
0.000326105
0.000163052
0.000326105
0.000163052
0.000163052
0.000163052
0.00146747
0.00782651
0.0241317
0.0502201
0.0917985
0.149519
0.220773
0.28632
0.347791
0.38676
0.399478
0.381053
0.329855
0.266264
0.18376
0.11593
0.0668515
0.0309799
0.0110876
0.00326105
0.00146747
0.000489157
0.000163052
0.000163052
0.000163052
0.000163052
0.000163052
0.000163052
0.000326105
0.000489157
0.00244579
0.00489157
0.0105984
0.0190771
0.0277189
0.0357085
0.0458177
0.0534812
0.0533181
0.0515245
0.0438611
0.0334257
0.0244579
0.01549
0.00945704
0.00489157
0.00228273
0.000815262
0.000489157
0.000163052
0.000163052
0.000163052
0.000163052
0.000163052
0.000163052
0.000163052
0.000163052
0.000163052
0.000163052
0.000489157
0.000489157
0.000652209
0.000815262
0.000815262
0.00163052
0.00179358
0.00195663
0.00195663
0.00179358
0.00146747
0.00163052
0.00146747
0.00114137
0.000815262
0.000652209
0.000489157
0.000326105
0.000163052
0.000163052
0.000163052
0.000163052
0.000163052
0.000163052
0.000163052
0.000163052
0.000163052
0.000163052
0.000163052
0.000163052
0.000163052
0.000163052
0.000163052
0.000163052
0.000163052
0.000163052
0.000163052
0.000163052
0.000163052
0.000163052
0.000163052
0.000163052
0.000163052
0.000163052
0.000163052
0.000163052
0.000163052
0.000163052
0.000163052
0.000163052
0.000163052
0.000171116
0.000171116
0.000171116
0.000171116
0.000171116
0.000171116
0.000171116
0.000171116
0.000171116
0.000171116
0.000171116
0.000171116
0.000171116
0.000171116
0.000171116
0.000171116
0.000171116
0.000171116
0.000171116
0.000171116
0.000171116
0.000171116
0.000171116
0.000171116
0.000171116
0.000171116
0.000171116
0.000171116
0.000171116
0.000171116
0.000171116
0.000171116
0.000171116
0.000171116
0.000171116
0.000171116
0.000171116
0.000171116
0.000171116
0.000171116
0.000171116
0.000342231
0.000342231
0.000171116
0.000171116
0.000171116
0.000171116
0.000171116
0.000171116
0.000171116
0.000171116
0.000171116
0.000171116
0.000171116
0.000171116
0.000171116
0.000171116
0.000171116
0.000171116
0.000171116
0.000171116
0.000171116
0.000171116
0.000171116
0.000171116
0.000171116
0.000171116
0.000171116
0.000342231
0.000684463
0.000855578
0.000855578
0.000684463
0.000684463
0.000171116
0.000513347
0.000513347
0.000342231
0.000342231
0.000171116
0.000171116
0.000171116
0.000171116
0.000171116
0.000171116
0.000171116
0.000171116
0.000171116
0.000171116
0.000171116
0.000342231
0.000342231
0.000684463
0.00154004
0.00188227
0.00290897
0.00239562
0.00290897
0.00376454
0.00530459
0.00513347
0.00530459
0.00598905
0.00804244
0.0102669
0.0087269
0.00581793
0.0032512
0.00154004
0.000342231
0.000171116
0.000171116
0.000171116
0.000171116
0.000171116
0.000171116
0.00102669
0.00239562
0.0032512
0.00564682
0.00941136
0.0150582
0.0179671
0.0225873
0.0278919
0.0256674
0.023614
0.0284052
0.0371321
0.0521903
0.0612594
0.0711841
0.0758042
0.0658795
0.0465435
0.0304586
0.0123203
0.00290897
0.000342231
0.000171116
0.000171116
0.000171116
0.000171116
0.000684463
0.00376454
0.0100958
0.0205339
0.0343943
0.054757
0.0853867
0.107803
0.119097
0.120123
0.106092
0.0942847
0.0982204
0.132786
0.184976
0.225188
0.23768
0.225873
0.192505
0.148186
0.100103
0.0496235
0.0102669
0.000684463
0.000171116
0.000171116
0.000171116
0.000171116
0.00188227
0.00787132
0.0195072
0.0431211
0.075462
0.119268
0.18104
0.232546
0.255133
0.246064
0.205852
0.166324
0.15948
0.214237
0.299966
0.369781
0.383812
0.357118
0.289357
0.216632
0.141855
0.0689596
0.0157426
0.00188227
0.000171116
0.000171116
0.000171116
0.000171116
0.00290897
0.0126626
0.0311431
0.0626283
0.116016
0.195927
0.283539
0.34822
0.376626
0.345996
0.290041
0.218515
0.195072
0.265058
0.382444
0.477755
0.486824
0.43412
0.334873
0.229466
0.13963
0.0648528
0.0171116
0.00273785
0.000171116
0.000171116
0.000171116
0.000342231
0.00410678
0.0165982
0.0390144
0.0829911
0.158795
0.261807
0.379363
0.462012
0.483744
0.434463
0.331109
0.233573
0.208419
0.300137
0.453799
0.568275
0.566393
0.468344
0.335729
0.210986
0.116016
0.0432923
0.0104381
0.00154004
0.000171116
0.000171116
0.000171116
0.000342231
0.00376454
0.0184805
0.0462012
0.104723
0.207563
0.3359
0.481006
0.560746
0.561773
0.462526
0.326318
0.206366
0.202259
0.336413
0.533539
0.649384
0.625257
0.475702
0.299281
0.173682
0.0746064
0.0224162
0.00598905
0.000684463
0.000171116
0.000171116
0.000171116
0.000513347
0.00496235
0.022245
0.0583504
0.132272
0.258385
0.427447
0.583504
0.649897
0.588296
0.443874
0.271389
0.152293
0.19627
0.398357
0.626968
0.726557
0.637577
0.446099
0.252909
0.124914
0.0441478
0.0107803
0.00308008
0.000171116
0.000171116
0.000171116
0.000171116
0.000684463
0.00633128
0.0244695
0.0718686
0.17334
0.339322
0.534908
0.685318
0.700548
0.572553
0.37577
0.191136
0.116701
0.231348
0.498289
0.728611
0.773443
0.619952
0.394422
0.198152
0.0847023
0.0270363
0.00718686
0.00154004
0.000513347
0.000171116
0.000171116
0.000342231
0.000684463
0.00684463
0.0294319
0.0936003
0.229979
0.438912
0.648357
0.769165
0.719884
0.538672
0.31742
0.176249
0.168549
0.342402
0.635866
0.817933
0.786619
0.597194
0.354723
0.175222
0.0785421
0.0289185
0.0112936
0.00290897
0.000684463
0.000171116
0.000171116
0.000342231
0.000513347
0.00752909
0.0378166
0.129877
0.306639
0.537474
0.74384
0.826831
0.738706
0.549281
0.373546
0.295175
0.345483
0.544832
0.773956
0.882444
0.798597
0.589836
0.364476
0.200205
0.0995893
0.048768
0.0203628
0.00444901
0.000855578
0.000171116
0.000171116
0.000342231
0.000342231
0.0100958
0.0499658
0.171629
0.378337
0.612252
0.798939
0.858145
0.80065
0.67026
0.586927
0.56896
0.62423
0.759411
0.889288
0.916496
0.813826
0.610883
0.406229
0.240931
0.132957
0.0727242
0.0299452
0.00598905
0.000684463
0.000171116
0.000171116
0.000171116
0.00102669
0.0119781
0.0554415
0.197639
0.403833
0.621321
0.784565
0.857118
0.847536
0.805955
0.782341
0.78525
0.831109
0.88963
0.940281
0.927447
0.807837
0.610541
0.40178
0.244182
0.142197
0.0790554
0.0319986
0.00735797
0.000855578
0.000171116
0.000171116
0.000171116
0.000342231
0.00889802
0.0525325
0.186858
0.359001
0.53063
0.66872
0.744695
0.767796
0.768994
0.774641
0.793463
0.841205
0.897331
0.927618
0.874059
0.721253
0.515058
0.324093
0.19627
0.112081
0.0590349
0.0253251
0.00530459
0.000855578
0.000171116
0.000171116
0.000171116
0.000513347
0.00616016
0.0376454
0.130903
0.251027
0.359856
0.44473
0.497091
0.515572
0.540726
0.566051
0.634326
0.732888
0.819473
0.843258
0.738535
0.555955
0.363621
0.217659
0.126626
0.0672485
0.0345654
0.0147159
0.00273785
0.000684463
0.000171116
0.000171116
0.000171116
0.000855578
0.00359343
0.0196783
0.0699863
0.12885
0.180869
0.21783
0.240589
0.25462
0.287645
0.357974
0.478439
0.615674
0.711499
0.70551
0.584531
0.408111
0.2423
0.133641
0.0715264
0.0331964
0.016256
0.0054757
0.00154004
0.000513347
0.000171116
0.000171116
0.000171116
0.000342231
0.00239562
0.00889802
0.0275496
0.0499658
0.0674196
0.0795688
0.090178
0.117899
0.175736
0.278747
0.414271
0.550137
0.615845
0.592745
0.479808
0.325975
0.193018
0.104894
0.0520192
0.0237851
0.00889802
0.0022245
0.000684463
0.000171116
0.000171116
0.000171116
0.000171116
0.000342231
0.00102669
0.00376454
0.0104381
0.0169405
0.020705
0.0308008
0.050308
0.0903491
0.174367
0.287303
0.411191
0.504791
0.53833
0.511978
0.419062
0.288501
0.175907
0.0971937
0.048768
0.0239562
0.00906913
0.00290897
0.000513347
0.000171116
0.000171116
0.000171116
0.000171116
0.000171116
0.000513347
0.00102669
0.00273785
0.00513347
0.0123203
0.0299452
0.0595483
0.121321
0.208077
0.314853
0.404346
0.458932
0.483231
0.453285
0.375086
0.271732
0.174538
0.102327
0.0542437
0.0258385
0.0107803
0.00376454
0.000684463
0.000171116
0.000171116
0.000171116
0.000171116
0.000171116
0.000171116
0.000171116
0.00154004
0.00513347
0.0150582
0.0378166
0.0785421
0.1487
0.232888
0.32204
0.382444
0.416324
0.430185
0.409822
0.344456
0.257016
0.17334
0.105065
0.0578371
0.0287474
0.0114648
0.00376454
0.000855578
0.000342231
0.000171116
0.000171116
0.000171116
0.000171116
0.000171116
0.000171116
0.000855578
0.00598905
0.0183094
0.0436345
0.0886379
0.153833
0.228439
0.290726
0.336413
0.357803
0.371834
0.351814
0.304415
0.234428
0.163244
0.101643
0.0540726
0.0246407
0.00975359
0.0032512
0.000684463
0.000342231
0.000171116
0.000171116
0.000171116
0.000171116
0.000171116
0.000171116
0.00119781
0.00564682
0.0165982
0.0347365
0.0691307
0.111739
0.161191
0.199008
0.227242
0.244867
0.254278
0.238535
0.200719
0.158282
0.107461
0.0687885
0.0342231
0.0157426
0.00667351
0.00136893
0.000513347
0.000171116
0.000171116
0.000171116
0.000171116
0.000171116
0.000171116
0.000342231
0.000513347
0.00171116
0.00530459
0.0121492
0.0229295
0.0345654
0.0446612
0.0513347
0.0651951
0.0749487
0.0763176
0.0643395
0.048768
0.0345654
0.020705
0.0112936
0.00581793
0.00308008
0.00205339
0.000513347
0.000171116
0.000171116
0.000171116
0.000171116
0.000171116
0.000171116
0.000171116
0.000342231
0.000342231
0.000342231
0.000342231
0.000684463
0.00171116
0.00205339
0.00290897
0.00273785
0.0032512
0.00273785
0.00188227
0.00171116
0.00171116
0.00136893
0.000684463
0.000342231
0.000171116
0.000342231
0.000342231
0.000171116
0.000171116
0.000171116
0.000171116
0.000171116
0.000171116
0.000171116
0.000171116
0.000171116
0.000171116
0.000171116
0.000171116
0.000171116
0.000171116
0.000171116
0.000171116
0.000171116
0.000171116
0.000171116
0.000171116
0.000171116
0.000171116
0.000171116
0.000171116
0.000171116
0.000171116
0.000171116
0.000171116
0.000171116
0.000171116
0.000171116
0.000171116
0.0001844
0.0001844
0.0001844
0.0001844
0.0001844
0.0001844
0.0001844
0.0001844
0.0001844
0.0001844
0.0001844
0.0001844
0.0001844
0.0001844
0.0001844
0.0001844
0.0001844
0.0001844
0.0001844
0.0001844
0.0001844
0.0001844
0.0001844
0.0001844
0.0001844
0.0001844
0.0001844
0.0001844
0.0001844
0.0001844
0.0001844
0.0001844
0.0001844
0.0001844
0.0001844
0.0001844
0.0001844
0.0001844
0.0001844
0.0001844
0.0001844
0.0001844
0.0001844
0.0001844
0.0001844
0.0001844
0.0001844
0.0001844
0.0001844
0.0001844
0.0001844
0.0001844
0.0001844
0.0001844
0.0001844
0.0001844
0.0001844
0.0001844
0.0001844
0.0001844
0.0001844
0.0001844
0.0001844
0.0001844
0.0001844
0.0001844
0.0001844
0.0001844
0.0001844
0.0001844
0.0003688
0.000737599
0.0011064
0.0014752
0.0014752
0.0014752
0.000921999
0.000553199
0.000553199
0.0003688
0.0001844
0.0001844
0.0001844
0.0001844
0.0001844
0.0001844
0.0001844
0.0001844
0.0003688
0.0001844
0.0001844
0.0001844
0.0003688
0.000921999
0.0022128
0.0035036
0.00608519
0.00903559
0.0121704
0.0171492
0.0167804
0.0173336
0.0178868
0.0171492
0.0149364
0.011986
0.00958879
0.00460999
0.002766
0.000553199
0.0003688
0.0001844
0.0001844
0.0001844
0.0001844
0.0001844
0.0001844
0.000737599
0.0023972
0.00553199
0.010142
0.0234188
0.0433339
0.0628803
0.0827955
0.108427
0.129449
0.144569
0.16135
0.165038
0.154527
0.142172
0.125207
0.110824
0.0874055
0.0638023
0.0339296
0.0116172
0.0016596
0.0001844
0.0001844
0.0001844
0.0001844
0.0003688
0.000737599
0.0031348
0.0118016
0.025816
0.0510787
0.0923843
0.151392
0.219436
0.283422
0.345381
0.387793
0.417297
0.433155
0.434999
0.426885
0.401992
0.364927
0.312189
0.260557
0.195279
0.120782
0.0481283
0.00995759
0.000553199
0.0001844
0.0001844
0.0003688
0.0001844
0.0012908
0.00885119
0.0250784
0.0529227
0.102895
0.181634
0.274202
0.379495
0.476673
0.550249
0.598377
0.620321
0.619952
0.625484
0.60225
0.567951
0.519823
0.458971
0.391481
0.315877
0.215932
0.0981007
0.0215748
0.0023972
0.0001844
0.0001844
0.0003688
0.0001844
0.0012908
0.0130924
0.038724
0.0831643
0.158584
0.267011
0.393694
0.511709
0.60686
0.65757
0.68062
0.682095
0.675825
0.66347
0.639498
0.602618
0.553015
0.49456
0.431864
0.361055
0.267011
0.134243
0.0315324
0.0020284
0.0001844
0.0001844
0.0001844
0.0001844
0.0020284
0.017518
0.0484971
0.111746
0.213166
0.345196
0.479993
0.601696
0.656279
0.671215
0.656094
0.629725
0.601696
0.574037
0.538632
0.500277
0.457311
0.417112
0.365112
0.314033
0.241564
0.128527
0.0269224
0.0014752
0.0001844
0.0001844
0.0001844
0.0001844
0.003688
0.0213904
0.0628803
0.144385
0.268855
0.411949
0.557625
0.654619
0.66808
0.622718
0.556703
0.493454
0.449935
0.41158
0.376176
0.344643
0.308501
0.276415
0.245067
0.210585
0.164485
0.0903559
0.0182556
0.0014752
0.0001844
0.0001844
0.0001844
0.0001844
0.00626959
0.0250784
0.0783699
0.178868
0.323437
0.501567
0.643555
0.702194
0.68062
0.589157
0.482943
0.399041
0.328232
0.271436
0.230315
0.189932
0.159875
0.136087
0.118385
0.0992071
0.0783699
0.0425963
0.0103264
0.000737599
0.0001844
0.0001844
0.0001844
0.000737599
0.00792919
0.0315324
0.0914623
0.213351
0.38724
0.577171
0.72801
0.769869
0.709939
0.592845
0.474645
0.381523
0.312926
0.242486
0.177208
0.121888
0.0813203
0.0562419
0.04149
0.0352204
0.02766
0.0160428
0.0040568
0.0003688
0.0001844
0.0001844
0.0001844
0.0012908
0.00848239
0.0372488
0.108058
0.245252
0.441637
0.655357
0.799189
0.824636
0.751613
0.642633
0.544901
0.461921
0.387793
0.315139
0.231237
0.145123
0.0855615
0.0424119
0.0206528
0.0121704
0.00571639
0.002766
0.0011064
0.0001844
0.0001844
0.0001844
0.0001844
0.0014752
0.00903559
0.0383552
0.109349
0.250968
0.456574
0.673059
0.801217
0.818919
0.77116
0.700904
0.627697
0.567398
0.494929
0.423935
0.340218
0.23511
0.139775
0.0678591
0.0296884
0.0112484
0.0035036
0.0011064
0.000553199
0.0001844
0.0003688
0.0001844
0.0001844
0.0012908
0.00811359
0.035036
0.0988383
0.220542
0.403098
0.591001
0.699244
0.723216
0.697769
0.654988
0.620321
0.584547
0.548774
0.503965
0.430573
0.322884
0.209847
0.111746
0.0532915
0.0191776
0.00516319
0.000553199
0.0001844
0.0001844
0.0003688
0.0001844
0.0001844
0.001844
0.00756039
0.0311636
0.0831643
0.169832
0.295962
0.420431
0.498801
0.520561
0.514107
0.512263
0.513
0.518348
0.532915
0.521114
0.484049
0.388715
0.264614
0.152499
0.0789231
0.0344828
0.00903559
0.0012908
0.0001844
0.0001844
0.0001844
0.0001844
0.0001844
0.0023972
0.0123548
0.0457311
0.0901715
0.133321
0.191223
0.248202
0.283976
0.294118
0.31016
0.328047
0.375438
0.429836
0.48995
0.527199
0.512816
0.43002
0.306472
0.18735
0.0973631
0.0457311
0.01383
0.0011064
0.0001844
0.0001844
0.0001844
0.0001844
0.0001844
0.0033192
0.0237876
0.0831643
0.146413
0.162087
0.159321
0.160981
0.159875
0.160612
0.171492
0.223493
0.295593
0.38392
0.472985
0.529412
0.517057
0.447538
0.321593
0.203946
0.110824
0.0532915
0.016596
0.0012908
0.0003688
0.0001844
0.0001844
0.0001844
0.0003688
0.00424119
0.0390928
0.129264
0.225337
0.246911
0.22128
0.186059
0.149179
0.139406
0.156002
0.210216
0.297806
0.40236
0.493269
0.541951
0.52683
0.441637
0.320671
0.204684
0.114512
0.0551355
0.0171492
0.0012908
0.0003688
0.0001844
0.0001844
0.0001844
0.000737599
0.00442559
0.0470219
0.165775
0.304444
0.368062
0.358473
0.305366
0.263507
0.23511
0.245436
0.292274
0.37175
0.469482
0.543979
0.563157
0.533653
0.430205
0.306104
0.194542
0.106583
0.0492347
0.0143832
0.0016596
0.0003688
0.0001844
0.0001844
0.0001844
0.000921999
0.00534759
0.0418587
0.162825
0.337452
0.458418
0.504887
0.502121
0.464319
0.429836
0.425041
0.456758
0.515397
0.578647
0.610548
0.592845
0.523511
0.396091
0.274571
0.160797
0.0855615
0.0355892
0.0103264
0.0011064
0.0003688
0.0003688
0.0001844
0.0001844
0.0003688
0.00442559
0.031348
0.127789
0.30426
0.463581
0.574959
0.633966
0.64669
0.64042
0.637654
0.646321
0.671215
0.672322
0.658492
0.588235
0.465794
0.331182
0.209294
0.120413
0.0579015
0.022128
0.00460999
0.000737599
0.0003688
0.0001844
0.0001844
0.0001844
0.0001844
0.0023972
0.017518
0.0739443
0.202655
0.36253
0.518901
0.638576
0.706251
0.739074
0.751982
0.742209
0.714918
0.679329
0.606675
0.492532
0.359948
0.233635
0.13664
0.0695187
0.0309792
0.0116172
0.0023972
0.000921999
0.0003688
0.0001844
0.0001844
0.0001844
0.0003688
0.0014752
0.00903559
0.0348516
0.104555
0.214641
0.346856
0.470035
0.573115
0.641342
0.655357
0.645215
0.608888
0.535497
0.434261
0.316983
0.203762
0.124839
0.0621427
0.0302416
0.0106952
0.00516319
0.0011064
0.000553199
0.0003688
0.0001844
0.0001844
0.0001844
0.0001844
0.000553199
0.0025816
0.00903559
0.0355892
0.0809515
0.146598
0.217776
0.284713
0.333579
0.359211
0.348516
0.311636
0.251521
0.184215
0.116172
0.0721003
0.0385396
0.0188088
0.00829799
0.00424119
0.0016596
0.000737599
0.0001844
0.0001844
0.0001844
0.0001844
0.0001844
0.0001844
0.0003688
0.000553199
0.0012908
0.00608519
0.0143832
0.026738
0.0427807
0.0569795
0.0658307
0.0643555
0.0621427
0.0507099
0.038724
0.0274756
0.01844
0.0112484
0.00571639
0.0025816
0.0016596
0.001844
0.0011064
0.000737599
0.0001844
0.0001844
0.0001844
0.0001844
0.0001844
0.0001844
0.0001844
0.0001844
0.0001844
0.0003688
0.000553199
0.0012908
0.0022128
0.0040568
0.00497879
0.00497879
0.00479439
0.0035036
0.003688
0.0031348
0.0029504
0.001844
0.0011064
0.000737599
0.000553199
0.000553199
0.0001844
0.0001844
0.0001844
0.0001844
0.0001844
0.0001844
0.0001844
0.0001844
0.0001844
0.0001844
0.0001844
0.0001844
0.0001844
0.0001844
0.0001844
0.0003688
0.0003688
0.0003688
0.0003688
0.0001844
0.0001844
0.0001844
0.0001844
0.0001844
0.0001844
0.0001844
0.0001844
0.0001844
0.0001844
0.0001844
0.0001844
0.0001844
0.0001844
0.000168919
0.000168919
0.000168919
0.000168919
0.000168919
0.000168919
0.000168919
0.000168919
0.000168919
0.000168919
0.000168919
0.000168919
0.000337838
0.000337838
0.000168919
0.000168919
0.000168919
0.000168919
0.000168919
0.000168919
0.000168919
0.000168919
0.000168919
0.000168919
0.000168919
0.000168919
0.000168919
0.000168919
0.000168919
0.000168919
0.000168919
0.000168919
0.000168919
0.000337838
0.00101351
0.00185811
0.00253378
0.00422297
0.00658784
0.00962838
0.0108108
0.0103041
0.0106419
0.0089527
0.0089527
0.00810811
0.00625
0.00439189
0.00337838
0.00168919
0.000844595
0.000337838
0.000168919
0.000168919
0.000168919
0.000168919
0.000168919
0.000168919
0.000337838
0.000168919
0.000675676
0.000675676
0.00320946
0.00760135
0.0128378
0.0258446
0.0423986
0.0660473
0.0959459
0.130743
0.164865
0.195608
0.20152
0.185135
0.157432
0.116385
0.0716216
0.0378378
0.01875
0.00726351
0.00219595
0.000675676
0.000168919
0.000168919
0.000168919
0.000168919
0.000337838
0.000675676
0.00101351
0.00236486
0.00557432
0.0141892
0.0280405
0.0506757
0.085473
0.128716
0.1875
0.264189
0.351351
0.413514
0.446791
0.427703
0.366892
0.274662
0.172973
0.089527
0.0469595
0.0170608
0.00641892
0.00168919
0.000337838
0.000168919
0.000168919
0.000168919
0.000168919
0.000675676
0.00101351
0.00405405
0.00996622
0.0206081
0.04375
0.0765203
0.122804
0.183446
0.269932
0.36875
0.467736
0.534122
0.551689
0.501182
0.404561
0.294426
0.180574
0.102534
0.0506757
0.0211149
0.00878378
0.00287162
0.000337838
0.000337838
0.000168919
0.000168919
0.000844595
0.000337838
0.00185811
0.00523649
0.0114865
0.029223
0.0579392
0.104899
0.163682
0.252027
0.362162
0.471453
0.553885
0.593243
0.558615
0.467568
0.347635
0.232601
0.136149
0.0731419
0.0380068
0.0182432
0.00929054
0.0027027
0.000506757
0.000337838
0.000168919
0.000168919
0.000506757
0.000168919
0.00152027
0.00641892
0.0160473
0.0407095
0.0788851
0.138851
0.21723
0.334291
0.451858
0.553716
0.608615
0.582939
0.486318
0.358615
0.240034
0.141216
0.0775338
0.0429054
0.0241554
0.0111486
0.00557432
0.00253378
0.000506757
0.000337838
0.000168919
0.000168919
0.000168919
0.000168919
0.00135135
0.00574324
0.0209459
0.0527027
0.105405
0.176858
0.291047
0.418919
0.540878
0.614189
0.609797
0.515878
0.373818
0.241047
0.134122
0.0719595
0.039527
0.0255068
0.0143581
0.00743243
0.00405405
0.00185811
0.000675676
0.000337838
0.000168919
0.000168919
0.000168919
0.000168919
0.00118243
0.00692568
0.0275338
0.0724662
0.138514
0.235135
0.371453
0.509459
0.615709
0.643919
0.564189
0.415878
0.256757
0.138176
0.0699324
0.0398649
0.03125
0.0212838
0.0138514
0.00726351
0.00287162
0.00135135
0.000675676
0.000168919
0.000168919
0.000168919
0.000168919
0.000168919
0.00135135
0.010473
0.0400338
0.0956081
0.183784
0.308446
0.456081
0.598818
0.667399
0.624155
0.476689
0.297297
0.162331
0.0873311
0.0613176
0.0557432
0.0521959
0.0413851
0.0253378
0.0131757
0.00506757
0.00168919
0.000506757
0.000168919
0.000168919
0.000168919
0.000168919
0.000337838
0.00135135
0.0140203
0.0550676
0.123649
0.233277
0.389527
0.552196
0.67027
0.678716
0.563682
0.375
0.216892
0.135135
0.11723
0.126182
0.130574
0.120101
0.0923986
0.0630068
0.0314189
0.0123311
0.00236486
0.000506757
0.000168919
0.000168919
0.000168919
0.000168919
0.000337838
0.00118243
0.0204392
0.0695946
0.15777
0.296453
0.477534
0.64375
0.71098
0.654054
0.484797
0.306081
0.209966
0.214358
0.254054
0.281757
0.274662
0.238682
0.178547
0.117568
0.0684122
0.0265203
0.00439189
0.000675676
0.000337838
0.000168919
0.000168919
0.000168919
0.000337838
0.00135135
0.0238176
0.0869932
0.197128
0.36723
0.567905
0.717736
0.726014
0.597466
0.426858
0.321959
0.342399
0.419257
0.473311
0.484966
0.453885
0.388176
0.296115
0.199831
0.108784
0.0478041
0.00878378
0.000506757
0.000337838
0.000168919
0.000168919
0.000168919
0.000168919
0.00152027
0.0287162
0.108784
0.241892
0.446791
0.647804
0.757432
0.710135
0.554899
0.442061
0.459628
0.561318
0.647635
0.673818
0.652872
0.600169
0.514527
0.397297
0.273986
0.156926
0.0733108
0.0143581
0.000844595
0.000337838
0.000168919
0.000168919
0.000168919
0.000168919
0.00135135
0.0356419
0.130743
0.299493
0.516892
0.720946
0.78125
0.6875
0.555405
0.533784
0.636655
0.739865
0.769595
0.745946
0.69375
0.658277
0.593919
0.477196
0.330574
0.191892
0.089527
0.0212838
0.000675676
0.000168919
0.000168919
0.000168919
0.000168919
0.000168919
0.00185811
0.0420608
0.153209
0.342905
0.571453
0.758108
0.791216
0.682264
0.593074
0.639865
0.735642
0.763682
0.715203
0.659459
0.642905
0.656757
0.629054
0.520946
0.359291
0.204899
0.0918919
0.0255068
0.00118243
0.000168919
0.000168919
0.000168919
0.000168919
0.000168919
0.00304054
0.0472973
0.1625
0.36402
0.604899
0.77973
0.799493
0.706757
0.655912
0.67973
0.708953
0.652196
0.563682
0.543919
0.610304
0.684122
0.657601
0.526351
0.350676
0.18277
0.083277
0.0243243
0.00101351
0.000168919
0.000168919
0.000168919
0.000168919
0.000506757
0.0035473
0.0469595
0.161993
0.364358
0.606757
0.782432
0.830236
0.763345
0.692061
0.671115
0.619764
0.533446
0.505236
0.570946
0.680068
0.741385
0.661993
0.492061
0.302365
0.146284
0.0640203
0.0179054
0.000675676
0.000168919
0.000168919
0.000168919
0.000168919
0.000506757
0.00456081
0.0391892
0.14223
0.329561
0.569426
0.780236
0.870101
0.839696
0.752872
0.675507
0.616554
0.602703
0.646284
0.73902
0.803378
0.755912
0.603547
0.398142
0.222635
0.102872
0.0356419
0.00945946
0.000675676
0.000168919
0.000168919
0.000168919
0.000168919
0.000337838
0.00422297
0.0277027
0.102872
0.260642
0.485811
0.726689
0.878378
0.908446
0.860473
0.797466
0.775338
0.796115
0.838345
0.866554
0.814865
0.661149
0.460642
0.268581
0.136824
0.05625
0.0175676
0.00337838
0.000337838
0.000168919
0.000168919
0.000168919
0.000168919
0.000168919
0.00304054
0.0160473
0.0592905
0.165709
0.351858
0.583446
0.796959
0.910811
0.942061
0.930236
0.924831
0.918581
0.88902
0.811655
0.656419
0.454899
0.269426
0.137838
0.058277
0.0201014
0.00456081
0.00118243
0.000337838
0.000168919
0.000168919
0.000168919
0.000168919
0.000168919
0.000844595
0.00608108
0.0258446
0.0795608
0.184628
0.362162
0.567061
0.742905
0.848142
0.883446
0.864865
0.808108
0.704054
0.543919
0.369426
0.213176
0.106588
0.0466216
0.0165541
0.00523649
0.00118243
0.00101351
0.000337838
0.000168919
0.000168919
0.000168919
0.000168919
0.000168919
0.000168919
0.000675676
0.00371622
0.0184122
0.0467905
0.102196
0.185473
0.279561
0.349324
0.380574
0.371453
0.325169
0.256757
0.170608
0.1
0.0508446
0.0221284
0.00945946
0.00320946
0.000844595
0.000168919
0.000337838
0.000337838
0.000168919
0.000168919
0.000168919
0.000168919
0.000168919
0.000168919
0.000168919
0.000168919
0.00101351
0.00388514
0.00760135
0.0136824
0.0243243
0.0331081
0.039527
0.0390203
0.0353041
0.0277027
0.016723
0.010473
0.00625
0.00320946
0.00135135
0.000675676
0.000168919
0.000168919
0.000168919
0.000168919
0.000168919
0.000168919
0.000168919
0.000168919
0.000168919
0.000168919
0.000168919
0.000168919
0.000168919
0.000168919
0.000168919
0.000168919
0.000675676
0.00135135
0.00135135
0.00168919
0.00202703
0.00185811
0.00118243
0.000844595
0.000337838
0.000337838
0.000168919
0.000168919
0.000168919
0.000168919
0.000168919
0.000168919
0.000168919
0.000168919
0.000168919
0.000168919
0.000168919
0.000168919
0.000168919
0.000168919
0.000168919
0.000168919
0.000168919
0.000168919
0.000337838
0.000337838
0.000168919
0.000168919
0.000168919
0.000168919
0.000168919
0.000168919
0.000168919
0.000168919
0.000168919
0.000168919
0.000168919
0.000168919
0.000168919
0.000168919
0.000168919
0.000168919
0.000168919
0.000168919
0.000168919
0.000168919
0.000168919
0.000168919
0.000168919
0.000168919
0.000168919
0.000168919
0.000168919
0.000168919
0.000168919
0.000168919
0.000168919
0.000168919
0.000168919
0.000168919
0.000168919
0.000168919
0.000168919
0.000168919
0.000168919
0.000168919
0.000168919
0.000168919
0.000168919
0.000168919
0.000168919
0.000168919
0.000168919
0.000168919
0.000168919
0.000168919
0.000168919
0.000168919
0.000168919
0.000168919
0.000168919
0.000168919
0.000168919
0.000168919
0.000168919
0.000168919
0.000168919
0.000168919
0.000168919
0.000168919
0.000168919
0.000168919
0.000168919
0.000168919
0.000168919
0.000168919
0.000168919
0.000159566
0.000159566
0.000159566
0.000159566
0.000159566
0.000159566
0.000159566
0.000159566
0.000159566
0.000159566
0.000159566
0.000159566
0.000159566
0.000159566
0.000159566
0.000159566
0.000159566
0.000159566
0.000159566
0.000159566
0.000159566
0.000159566
0.000159566
0.000159566
0.000159566
0.000159566
0.000159566
0.000159566
0.000159566
0.000159566
0.000159566
0.000159566
0.000159566
0.000159566
0.000159566
0.000159566
0.000159566
0.000159566
0.000159566
0.000159566
0.000159566
0.000159566
0.000159566
0.000159566
0.000159566
0.000159566
0.000159566
0.000159566
0.000159566
0.000159566
0.000159566
0.000159566
0.000159566
0.000159566
0.000159566
0.000159566
0.000159566
0.000159566
0.000159566
0.000159566
0.000159566
0.000159566
0.000159566
0.000159566
0.000159566
0.000159566
0.000159566
0.000159566
0.000159566
0.000159566
0.000159566
0.000159566
0.000159566
0.000159566
0.000159566
0.000159566
0.000159566
0.000159566
0.000159566
0.000159566
0.000159566
0.000159566
0.000159566
0.000159566
0.000159566
0.000159566
0.000159566
0.000159566
0.000159566
0.000159566
0.000159566
0.000159566
0.000159566
0.000159566
0.000159566
0.000159566
0.000159566
0.000159566
0.000159566
0.000159566
0.000159566
0.000159566
0.000159566
0.000159566
0.000159566
0.000159566
0.000159566
0.000159566
0.000159566
0.000159566
0.000159566
0.000159566
0.000159566
0.000159566
0.000159566
0.000319132
0.000319132
0.000319132
0.000159566
0.000319132
0.000319132
0.000319132
0.000159566
0.000638264
0.000638264
0.000638264
0.000638264
0.000478698
0.000478698
0.000159566
0.000159566
0.000159566
0.000159566
0.000319132
0.000319132
0.000159566
0.000159566
0.000159566
0.000159566
0.000159566
0.000159566
0.000159566
0.000159566
0.000319132
0.000638264
0.00207436
0.00398915
0.00718047
0.0102122
0.0126057
0.0140418
0.0143609
0.0156375
0.0145205
0.0138822
0.0129248
0.0111696
0.0079783
0.00510611
0.00319132
0.00143609
0.000957396
0.00079783
0.000159566
0.000159566
0.000159566
0.000159566
0.000159566
0.000159566
0.000159566
0.00143609
0.00223392
0.00829743
0.0226584
0.0379767
0.0596777
0.083453
0.111377
0.133397
0.149832
0.162119
0.167385
0.1693
0.165789
0.159406
0.147279
0.119834
0.0928674
0.0598372
0.0355832
0.0189884
0.00734004
0.00127653
0.000159566
0.000159566
0.000159566
0.000319132
0.00127653
0.00638264
0.019467
0.049625
0.101484
0.161321
0.239828
0.318653
0.399872
0.464975
0.516196
0.549864
0.575395
0.593266
0.600287
0.601245
0.579065
0.527844
0.428913
0.310675
0.188926
0.0976544
0.0414872
0.00909526
0.00175523
0.000159566
0.000159566
0.000319132
0.00319132
0.0197862
0.0556885
0.112334
0.195309
0.303654
0.427158
0.542046
0.650391
0.737514
0.798309
0.833892
0.842828
0.851923
0.857029
0.855752
0.835647
0.772459
0.652944
0.479815
0.297431
0.155258
0.0638264
0.0173927
0.00239349
0.000159566
0.000159566
0.000638264
0.00494655
0.0298388
0.0732408
0.144248
0.249561
0.369236
0.504867
0.63986
0.746131
0.818095
0.849051
0.851285
0.841391
0.836924
0.853518
0.882719
0.896761
0.85671
0.741024
0.550981
0.339876
0.176959
0.0706877
0.0156375
0.00239349
0.000319132
0.000319132
0.000478698
0.00542524
0.0306367
0.074996
0.142971
0.239828
0.357747
0.481251
0.592149
0.673368
0.699697
0.682464
0.641934
0.606191
0.594383
0.633477
0.727302
0.829105
0.852401
0.750598
0.550503
0.32727
0.159566
0.0540929
0.00957396
0.00207436
0.000319132
0.000319132
0.000638264
0.00462741
0.0236158
0.0588798
0.11393
0.185735
0.284187
0.383916
0.475187
0.512685
0.490506
0.433541
0.357428
0.306207
0.298229
0.383916
0.58098
0.776767
0.832456
0.719483
0.498484
0.277007
0.122547
0.0360619
0.00558481
0.000478698
0.000159566
0.000159566
0.000478698
0.00319132
0.0145205
0.0362215
0.0770704
0.130365
0.208234
0.286261
0.34562
0.352003
0.307643
0.228818
0.153024
0.119994
0.148237
0.300463
0.574118
0.795436
0.822084
0.663635
0.427796
0.202808
0.0802617
0.0202649
0.00351045
0.000957396
0.000319132
0.000319132
0.000159566
0.00143609
0.00670177
0.0209031
0.0485081
0.0909526
0.141375
0.208074
0.244774
0.237753
0.186852
0.115207
0.0611138
0.0579225
0.135631
0.369874
0.670815
0.833573
0.793841
0.596458
0.339716
0.150152
0.0518589
0.0162757
0.00494655
0.00159566
0.000319132
0.000159566
0.000159566
0.000319132
0.00367002
0.0114888
0.0336684
0.0630286
0.103399
0.146162
0.167385
0.152226
0.113611
0.0714856
0.0568055
0.0778682
0.217329
0.512845
0.773097
0.85671
0.759534
0.507739
0.258656
0.113611
0.0481889
0.0207436
0.008457
0.00207436
0.000159566
0.000159566
0.000159566
0.000159566
0.00127653
0.00622307
0.0202649
0.0451572
0.0726025
0.100048
0.11409
0.109303
0.0927078
0.0815382
0.08824
0.156056
0.369236
0.660124
0.842668
0.850327
0.670815
0.403383
0.202649
0.0951013
0.047072
0.0228179
0.00957396
0.00175523
0.000159566
0.000159566
0.000319132
0.000159566
0.000478698
0.00351045
0.013244
0.0285623
0.0497846
0.0671773
0.0821765
0.0874422
0.0928674
0.101803
0.138822
0.276049
0.535025
0.762247
0.865326
0.780278
0.54061
0.301261
0.145205
0.0726025
0.0384554
0.019467
0.0070209
0.000957396
0.000159566
0.000159566
0.000159566
0.000319132
0.000319132
0.00191479
0.00781873
0.016914
0.0284027
0.0424446
0.0561672
0.0692516
0.0832934
0.119196
0.201372
0.407212
0.651987
0.814903
0.82735
0.650391
0.40817
0.209829
0.0970161
0.0462741
0.0266475
0.0122866
0.00606351
0.00159566
0.000478698
0.000159566
0.000319132
0.000319132
0.000957396
0.00143609
0.00414872
0.00893569
0.0134035
0.0231371
0.0331897
0.0485081
0.0769108
0.138982
0.289612
0.52194
0.730014
0.812829
0.727621
0.505984
0.290251
0.134195
0.0631881
0.0282432
0.0142014
0.00654221
0.00382958
0.000957396
0.000478698
0.000159566
0.000159566
0.000638264
0.00079783
0.00079783
0.00207436
0.00398915
0.00622307
0.0122866
0.0213818
0.042285
0.0877613
0.19866
0.391734
0.602202
0.754907
0.752034
0.600128
0.372587
0.197543
0.0858465
0.0378171
0.0149992
0.00606351
0.00223392
0.00159566
0.000638264
0.000159566
0.000159566
0.000159566
0.000319132
0.000159566
0.000319132
0.000957396
0.00239349
0.00382958
0.00973352
0.0239349
0.0615925
0.144248
0.289772
0.482528
0.654699
0.732408
0.652465
0.469284
0.281634
0.144088
0.0607946
0.0231371
0.00909526
0.00414872
0.00127653
0.00111696
0.000638264
0.000159566
0.000159566
0.000159566
0.000159566
0.000159566
0.000159566
0.00111696
0.00319132
0.0074996
0.0170736
0.0467528
0.113132
0.220839
0.381682
0.548428
0.660603
0.662039
0.543163
0.380884
0.224031
0.111696
0.0467528
0.0196266
0.00877613
0.00367002
0.00127653
0.000957396
0.000478698
0.000159566
0.000159566
0.000159566
0.000159566
0.000159566
0.000478698
0.00223392
0.0070209
0.0148396
0.0394128
0.0899952
0.17999
0.302537
0.450774
0.575874
0.625818
0.583852
0.461146
0.318494
0.189884
0.0939844
0.0410085
0.018031
0.0074996
0.00319132
0.00079783
0.00079783
0.000478698
0.000159566
0.000159566
0.000159566
0.000159566
0.000159566
0.000478698
0.00510611
0.0127653
0.0315941
0.071326
0.136588
0.239668
0.369076
0.490187
0.563587
0.568693
0.50742
0.391096
0.273017
0.164832
0.0847295
0.0389341
0.0167544
0.00654221
0.00287219
0.000638264
0.00079783
0.000319132
0.000159566
0.000159566
0.000159566
0.000159566
0.000319132
0.00127653
0.00654221
0.0183501
0.0457954
0.0971757
0.174725
0.277804
0.395564
0.481251
0.518909
0.502154
0.434179
0.339397
0.239668
0.144886
0.0775491
0.0365406
0.0170736
0.00590394
0.00207436
0.000319132
0.000638264
0.000319132
0.000159566
0.000159566
0.000159566
0.000159566
0.000159566
0.00111696
0.00446785
0.0178714
0.0475507
0.102441
0.182384
0.273815
0.367321
0.421573
0.438328
0.411202
0.355513
0.27589
0.196904
0.121749
0.0638264
0.0351045
0.0149992
0.00574438
0.00271262
0.00079783
0.000638264
0.000159566
0.000159566
0.000159566
0.000159566
0.000159566
0.000159566
0.000159566
0.00207436
0.008457
0.0258497
0.0607946
0.107228
0.157811
0.207436
0.245093
0.260252
0.250838
0.217648
0.172012
0.124621
0.0805808
0.0456359
0.0229775
0.00829743
0.00430828
0.00207436
0.000638264
0.000159566
0.000319132
0.000159566
0.000159566
0.000159566
0.000159566
0.000159566
0.000159566
0.000478698
0.00111696
0.00303175
0.00542524
0.00877613
0.0114888
0.0210627
0.0245732
0.0306367
0.0355832
0.0376576
0.0335089
0.0285623
0.0197862
0.0118079
0.00526568
0.00175523
0.00111696
0.00079783
0.000478698
0.000159566
0.000159566
0.000159566
0.000159566
0.000170853
0.000170853
0.000170853
0.000170853
0.000170853
0.000170853
0.000170853
0.000170853
0.000170853
0.000170853
0.000170853
0.000170853
0.000170853
0.000170853
0.000170853
0.000170853
0.000170853
0.000170853
0.000170853
0.000170853
0.000170853
0.000170853
0.000170853
0.000170853
0.000170853
0.000170853
0.000170853
0.000170853
0.000170853
0.000170853
0.000170853
0.000170853
0.000170853
0.000170853
0.000170853
0.000170853
0.000170853
0.000170853
0.000170853
0.000170853
0.000170853
0.000170853
0.000170853
0.000170853
0.000170853
0.000170853
0.000170853
0.000170853
0.000170853
0.000170853
0.000170853
0.000170853
0.000170853
0.000170853
0.000170853
0.000170853
0.000170853
0.000170853
0.000170853
0.000170853
0.000170853
0.000170853
0.000170853
0.000170853
0.000170853
0.000170853
0.000170853
0.000170853
0.000170853
0.000170853
0.000170853
0.000170853
0.000170853
0.000341705
0.000341705
0.000170853
0.000170853
0.000170853
0.000170853
0.000170853
0.000170853
0.000170853
0.000170853
0.000170853
0.000170853
0.000170853
0.000170853
0.000170853
0.000170853
0.000170853
0.000170853
0.000170853
0.000341705
0.000341705
0.000854263
0.00119597
0.00187938
0.00290449
0.0035879
0.00461302
0.00615069
0.00478387
0.00478387
0.0032462
0.00222108
0.00187938
0.00153767
0.000854263
0.000512558
0.000341705
0.000170853
0.000170853
0.000170853
0.000170853
0.000341705
0.000170853
0.000170853
0.000341705
0.000341705
0.00170853
0.00615069
0.0140099
0.026653
0.0495472
0.0855971
0.127798
0.165898
0.187084
0.188109
0.172219
0.137536
0.0960191
0.0673159
0.0408338
0.0216983
0.00871348
0.00461302
0.00222108
0.000854263
0.000341705
0.000170853
0.000170853
0.000170853
0.000170853
0.000341705
0.00102512
0.00512558
0.0146933
0.0386127
0.081155
0.150179
0.257817
0.39484
0.519563
0.626858
0.691782
0.7034
0.659833
0.557834
0.428327
0.304288
0.193918
0.116009
0.0572356
0.0269947
0.0109346
0.00256279
0.000341705
0.000170853
0.000170853
0.000170853
0.000170853
0.00153767
0.00529643
0.0184521
0.0524517
0.10815
0.202802
0.339826
0.504869
0.654707
0.771228
0.839057
0.866222
0.86178
0.821288
0.744063
0.623441
0.478045
0.336238
0.209124
0.120622
0.0584316
0.0213566
0.00444217
0.000512558
0.000170853
0.000170853
0.000170853
0.000341705
0.00444217
0.0148642
0.0459593
0.105929
0.199385
0.337263
0.503673
0.663933
0.769349
0.814283
0.798736
0.784555
0.771399
0.763882
0.747651
0.683069
0.56911
0.420981
0.28464
0.178712
0.0874765
0.0295575
0.00803007
0.000854263
0.000170853
0.000170853
0.000170853
0.00170853
0.00871348
0.0275073
0.0744917
0.154792
0.276269
0.444387
0.607039
0.714335
0.741671
0.693149
0.606868
0.543995
0.54912
0.58927
0.657611
0.675551
0.594909
0.462156
0.332479
0.199897
0.105758
0.0377584
0.00837178
0.00102512
0.000170853
0.000170853
0.000170853
0.00170853
0.0124722
0.035879
0.0948232
0.187254
0.329916
0.50709
0.640185
0.699129
0.655049
0.531181
0.406458
0.351615
0.399795
0.521442
0.638476
0.678455
0.607893
0.467965
0.32257
0.195455
0.104049
0.0353665
0.00820092
0.00102512
0.000170853
0.000170853
0.000170853
0.00136682
0.0134974
0.0406629
0.0982402
0.201435
0.345293
0.51307
0.642064
0.678114
0.604305
0.453443
0.329233
0.328379
0.431915
0.587391
0.699812
0.687511
0.582778
0.419956
0.274389
0.153255
0.0767128
0.0287032
0.00597984
0.00102512
0.000170853
0.000170853
0.000170853
0.00136682
0.011618
0.0387835
0.0944815
0.191184
0.327012
0.497352
0.628396
0.683239
0.638134
0.516829
0.424739
0.467794
0.602768
0.720656
0.739108
0.649581
0.485392
0.32069
0.190159
0.0963608
0.0466427
0.0165727
0.00444217
0.000341705
0.000170853
0.000170853
0.000170853
0.000854263
0.00751751
0.0295575
0.0731249
0.150009
0.279173
0.433965
0.588245
0.700154
0.719802
0.666154
0.618828
0.693491
0.781992
0.790535
0.691269
0.532547
0.349223
0.204169
0.108491
0.05211
0.0264821
0.00803007
0.00239194
0.000512558
0.000170853
0.000170853
0.000170853
0.00068341
0.00444217
0.0169144
0.0476679
0.10627
0.205365
0.34871
0.516487
0.697078
0.813258
0.826414
0.817529
0.867077
0.862293
0.752093
0.565864
0.366137
0.207586
0.108662
0.0551854
0.0261404
0.0121305
0.00410046
0.00102512
0.000341705
0.000170853
0.000170853
0.000170853
0.000341705
0.00170853
0.00939689
0.0281907
0.0681702
0.143858
0.269947
0.463694
0.682556
0.858192
0.916966
0.931659
0.924996
0.838544
0.640868
0.404579
0.228601
0.121818
0.0669742
0.0360499
0.0177687
0.00734666
0.00290449
0.000341705
0.000170853
0.000170853
0.000170853
0.000170853
0.000341705
0.00068341
0.00632154
0.0199897
0.0538186
0.123868
0.249957
0.455835
0.703229
0.883308
0.928242
0.924483
0.879036
0.745771
0.520588
0.316077
0.183496
0.106099
0.0580899
0.0322911
0.0158893
0.00734666
0.00187938
0.000170853
0.000170853
0.000170853
0.000170853
0.000170853
0.000341705
0.000854263
0.00717581
0.0273364
0.0712455
0.164018
0.319836
0.543995
0.760806
0.868785
0.862293
0.822826
0.770716
0.648898
0.4789
0.314198
0.195114
0.117717
0.0697078
0.0372459
0.0201606
0.00990945
0.00170853
0.000170853
0.000170853
0.000170853
0.000170853
0.000170853
0.000512558
0.00222108
0.0126431
0.0480096
0.12028
0.255254
0.451905
0.654365
0.790876
0.796515
0.723902
0.667521
0.646335
0.596446
0.480437
0.347856
0.226892
0.144541
0.0832052
0.0492055
0.0263113
0.0114471
0.00119597
0.000341705
0.000170853
0.000170853
0.000170853
0.000170853
0.000341705
0.00444217
0.027849
0.0808133
0.191526
0.3687
0.558688
0.713309
0.746113
0.666667
0.554929
0.5211
0.568085
0.565693
0.486076
0.379805
0.261575
0.168802
0.0984111
0.0574065
0.0310952
0.0111054
0.00119597
0.000341705
0.000170853
0.000170853
0.000170853
0.000170853
0.000512558
0.00768836
0.0447634
0.122843
0.268751
0.453443
0.619853
0.70938
0.656245
0.525542
0.434136
0.449342
0.524688
0.562447
0.505724
0.407825
0.282932
0.183837
0.107125
0.0587733
0.0295575
0.00751751
0.00068341
0.000170853
0.000170853
0.000170853
0.000170853
0.000170853
0.00068341
0.0100803
0.0568939
0.160772
0.318811
0.491714
0.633521
0.680847
0.602597
0.497523
0.444729
0.499744
0.562276
0.584316
0.531181
0.421835
0.290278
0.184008
0.103537
0.0524517
0.0237485
0.00478387
0.00068341
0.000170853
0.000170853
0.000170853
0.000170853
0.000170853
0.00068341
0.0105929
0.0609944
0.170853
0.328037
0.493593
0.631129
0.701862
0.682043
0.647702
0.636938
0.655903
0.673842
0.638134
0.542457
0.409534
0.271485
0.161968
0.0859388
0.0415172
0.0167436
0.00239194
0.000341705
0.000170853
0.000170853
0.000170853
0.000170853
0.000170853
0.00068341
0.00734666
0.0563813
0.153596
0.290449
0.453272
0.610798
0.744746
0.817529
0.841278
0.842474
0.815821
0.750555
0.640355
0.497693
0.350077
0.212199
0.119426
0.0563813
0.0273364
0.00803007
0.00153767
0.000512558
0.000170853
0.000170853
0.000170853
0.000170853
0.000170853
0.000512558
0.00341705
0.0322911
0.109346
0.216983
0.361866
0.51307
0.660858
0.791731
0.851358
0.845037
0.78763
0.671109
0.527934
0.37468
0.232872
0.129848
0.0654365
0.0297283
0.0128139
0.00392961
0.00102512
0.000341705
0.000170853
0.000170853
0.000170853
0.000170853
0.000170853
0.000170853
0.00068341
0.00888433
0.0408338
0.0970443
0.185033
0.288741
0.392107
0.478045
0.526909
0.521271
0.457372
0.369212
0.263967
0.168461
0.0937981
0.0490347
0.0237485
0.0100803
0.00444217
0.00119597
0.000170853
0.000170853
0.000170853
0.000170853
0.000170853
0.000170853
0.000170853
0.000170853
0.000170853
0.00102512
0.00495472
0.00990945
0.0184521
0.0280198
0.0389544
0.046301
0.0510849
0.0548437
0.0526226
0.0422006
0.0293866
0.017427
0.011618
0.0068341
0.00290449
0.00068341
0.000341705
0.000341705
0.000170853
0.000170853
0.000170853
0.000170853
0.000170853
0.000170853
0.000170853
0.000170853
0.000170853
0.000170853
0.000170853
0.000341705
0.000854263
0.00102512
0.00119597
0.00136682
0.00136682
0.00102512
0.00068341
0.000512558
0.000341705
0.000341705
0.000341705
0.000341705
0.000170853
0.000170853
0.000341705
0.000170853
0.000170853
0.000170853
0.000170853
0.000170853
0.000170853
0.000170853
0.000170853
0.000170853
0.000170853
0.000170853
0.000170853
0.000170853
0.000170853
0.000170853
0.000170853
0.000170853
0.000170853
0.000170853
0.000170853
0.000170853
0.000170853
0.000170853
0.000170853
0.000170853
0.000170853
0.000170853
0.000170853
0.000170853
0.000170853
0.000170853
0.000170853
0.000170853
0.000168039
0.000168039
0.000168039
0.000168039
0.000168039
0.000168039
0.000168039
0.000168039
0.000168039
0.000168039
0.000168039
0.000168039
0.000168039
0.000168039
0.000168039
0.000168039
0.000168039
0.000168039
0.000168039
0.000168039
0.000168039
0.000168039
0.000168039
0.000168039
0.000168039
0.000168039
0.000168039
0.000168039
0.000168039
0.000168039
0.000168039
0.000168039
0.000168039
0.000168039
0.000168039
0.000168039
0.000168039
0.000168039
0.000168039
0.000168039
0.000168039
0.000168039
0.000168039
0.000168039
0.000168039
0.000168039
0.000168039
0.000168039
0.000168039
0.000168039
0.000168039
0.000168039
0.000168039
0.000168039
0.000168039
0.000168039
0.000168039
0.000168039
0.000168039
0.000168039
0.000168039
0.000168039
0.000168039
0.000168039
0.000168039
0.000168039
0.000168039
0.000168039
0.000168039
0.000168039
0.000168039
0.000168039
0.000168039
0.000168039
0.000168039
0.000168039
0.000168039
0.000168039
0.000168039
0.000168039
0.000168039
0.000168039
0.000168039
0.000168039
0.000168039
0.000168039
0.000168039
0.000168039
0.000168039
0.000168039
0.000168039
0.000168039
0.000168039
0.000168039
0.000168039
0.000168039
0.000168039
0.000168039
0.000168039
0.000168039
0.000168039
0.000168039
0.000336078
0.000168039
0.000168039
0.000168039
0.000168039
0.000168039
0.000168039
0.000168039
0.000168039
0.000168039
0.000168039
0.000168039
0.000168039
0.000168039
0.000168039
0.000168039
0.000168039
0.000168039
0.000168039
0.000168039
0.000840195
0.00151235
0.00235255
0.00319274
0.0038649
0.00403294
0.00268862
0.00218451
0.00134431
0.000504117
0.000504117
0.000168039
0.000168039
0.000168039
0.000168039
0.000168039
0.000168039
0.000168039
0.000168039
0.000168039
0.000168039
0.000168039
0.000168039
0.000168039
0.000168039
0.000672156
0.00184843
0.00537725
0.012939
0.02571
0.0404974
0.0534364
0.0596538
0.0630146
0.0569652
0.0446984
0.0309192
0.0198286
0.0114267
0.00537725
0.00184843
0.000336078
0.000168039
0.000168039
0.000168039
0.000168039
0.000168039
0.000168039
0.000168039
0.000168039
0.000168039
0.000504117
0.0030247
0.00638548
0.0221811
0.0546127
0.107041
0.196606
0.320282
0.442447
0.537053
0.580071
0.549319
0.461435
0.342127
0.218787
0.116619
0.0541086
0.0169719
0.00487313
0.000840195
0.000336078
0.000168039
0.000168039
0.000168039
0.000168039
0.000168039
0.000336078
0.000336078
0.00285666
0.0122668
0.0339439
0.0877164
0.169215
0.321291
0.513695
0.700723
0.840195
0.907411
0.922366
0.880356
0.774156
0.614351
0.421106
0.245169
0.125693
0.0478911
0.0149555
0.00352882
0.000840195
0.000168039
0.000168039
0.000168039
0.000168039
0.000168039
0.000672156
0.00336078
0.0124349
0.0364645
0.0897328
0.195261
0.361116
0.580575
0.771635
0.870442
0.884389
0.861536
0.84322
0.834482
0.80121
0.711645
0.527306
0.339607
0.18249
0.0781381
0.0247017
0.00571333
0.00100823
0.000168039
0.000168039
0.000168039
0.000168039
0.000336078
0.00117627
0.0068896
0.0283986
0.0749454
0.1714
0.339439
0.568308
0.758024
0.831793
0.783566
0.666947
0.560914
0.540917
0.61015
0.698874
0.705932
0.593346
0.394219
0.21509
0.0929256
0.0287347
0.00588136
0.00100823
0.000168039
0.000168039
0.000168039
0.000168039
0.000168039
0.00268862
0.0159637
0.0532684
0.124685
0.276088
0.492018
0.70778
0.795329
0.723408
0.545287
0.356075
0.260124
0.322971
0.490674
0.67955
0.74122
0.641741
0.427827
0.226517
0.094942
0.0290707
0.0060494
0.00117627
0.000336078
0.000168039
0.000168039
0.000168039
0.000672156
0.00470509
0.0255419
0.0806587
0.18165
0.369686
0.601243
0.75836
0.733994
0.550832
0.317426
0.173752
0.183667
0.340783
0.56898
0.762225
0.807427
0.671484
0.430852
0.209209
0.0838515
0.02571
0.00436901
0.000840195
0.000336078
0.000168039
0.000168039
0.000168039
0.000672156
0.00756175
0.0341119
0.0946059
0.221979
0.435557
0.65468
0.752647
0.655184
0.43102
0.247858
0.216938
0.320618
0.512519
0.727609
0.863384
0.839019
0.645774
0.385649
0.170728
0.0630146
0.0183162
0.00268862
0.000168039
0.000168039
0.000168039
0.000168039
0.000168039
0.000504117
0.0068896
0.038649
0.109897
0.24164
0.457906
0.662746
0.731138
0.63065
0.458914
0.38649
0.430516
0.555705
0.722232
0.8612
0.92035
0.824063
0.57839
0.297429
0.119476
0.0436901
0.0124349
0.00218451
0.000336078
0.000336078
0.000168039
0.000168039
0.000168039
0.000336078
0.00672156
0.0369686
0.105528
0.227021
0.432364
0.628802
0.713325
0.678541
0.610822
0.603596
0.652159
0.736179
0.824567
0.918837
0.92892
0.769114
0.467148
0.210889
0.0808268
0.0287347
0.00890607
0.00151235
0.000336078
0.000336078
0.000168039
0.000168039
0.000168039
0.000336078
0.00504117
0.0299109
0.0836834
0.1877
0.356915
0.54327
0.662074
0.701395
0.698538
0.701059
0.715342
0.749454
0.838851
0.92035
0.898504
0.670476
0.354562
0.149219
0.0552848
0.021677
0.00806587
0.00134431
0.000336078
0.000504117
0.000168039
0.000168039
0.000168039
0.000168039
0.00336078
0.0203327
0.0583095
0.12855
0.249202
0.402117
0.525962
0.597211
0.61956
0.620064
0.608469
0.674508
0.80289
0.892791
0.822383
0.551336
0.269198
0.107713
0.0446984
0.0189884
0.00621744
0.00134431
0.000336078
0.000336078
0.000168039
0.000168039
0.000168039
0.000336078
0.00184843
0.0099143
0.0325996
0.0739372
0.143337
0.234919
0.322803
0.384641
0.399765
0.407999
0.45589
0.60494
0.769619
0.83465
0.716854
0.443623
0.21341
0.0951101
0.0399933
0.0144514
0.00537725
0.00117627
0.000336078
0.000168039
0.000168039
0.000336078
0.000168039
0.000336078
0.000840195
0.00470509
0.0141153
0.0332717
0.064863
0.106201
0.151907
0.1877
0.217106
0.264661
0.38817
0.576374
0.729289
0.748782
0.591665
0.361956
0.184339
0.086372
0.0384809
0.0166359
0.00621744
0.00151235
0.000672156
0.000168039
0.000168039
0.000168039
0.000168039
0.000168039
0.000840195
0.00235255
0.00655352
0.0141153
0.026046
0.0425139
0.0588136
0.0883885
0.12939
0.226012
0.393883
0.5673
0.677365
0.65468
0.487985
0.310536
0.168543
0.0856999
0.0369686
0.0168039
0.00655352
0.00235255
0.000840195
0.000168039
0.000168039
0.000168039
0.000168039
0.000504117
0.000672156
0.00168039
0.00504117
0.00705764
0.0117627
0.0199966
0.0347841
0.0685599
0.140481
0.270543
0.433709
0.560746
0.614519
0.549151
0.421274
0.275584
0.158293
0.0826752
0.0394892
0.0188204
0.00823391
0.00352882
0.00117627
0.000168039
0.000168039
0.000168039
0.000168039
0.000336078
0.000504117
0.00151235
0.00420097
0.00571333
0.0126029
0.0241976
0.0524282
0.106873
0.204167
0.336078
0.471181
0.541926
0.547135
0.469837
0.371702
0.252058
0.154092
0.0803226
0.0416737
0.0193245
0.00974626
0.00403294
0.00100823
0.000168039
0.000168039
0.000168039
0.000168039
0.000168039
0.000336078
0.000840195
0.00252058
0.00672156
0.0176441
0.0425139
0.0867081
0.163334
0.269871
0.392539
0.477735
0.508486
0.475886
0.413712
0.336918
0.239288
0.152411
0.0828432
0.047387
0.0236935
0.0110906
0.00403294
0.000672156
0.000168039
0.000168039
0.000168039
0.000168039
0.000168039
0.000336078
0.00100823
0.00352882
0.0105865
0.030247
0.0638548
0.1225
0.21761
0.31793
0.408503
0.452865
0.454713
0.422618
0.370862
0.316585
0.229037
0.153252
0.0914132
0.0490674
0.025878
0.013107
0.00403294
0.000672156
0.000168039
0.000168039
0.000168039
0.000168039
0.000168039
0.000168039
0.00151235
0.0060494
0.0164678
0.038985
0.0809948
0.147538
0.236431
0.322467
0.390355
0.403294
0.38985
0.363972
0.32734
0.285498
0.217274
0.146362
0.0912452
0.0505797
0.0240296
0.0122668
0.00319274
0.000336078
0.000168039
0.000168039
0.000168039
0.000168039
0.000336078
0.000168039
0.00184843
0.00638548
0.0176441
0.0362964
0.0742732
0.131575
0.206688
0.268862
0.308352
0.314401
0.298269
0.276256
0.249538
0.226853
0.172744
0.115611
0.0709125
0.0376407
0.0181482
0.0068896
0.00184843
0.000336078
0.000168039
0.000168039
0.000168039
0.000168039
0.000168039
0.000336078
0.00100823
0.00285666
0.00571333
0.00924214
0.0206688
0.0361284
0.0557889
0.0799866
0.0946059
0.0967905
0.0927575
0.0845236
0.0756175
0.0704083
0.0544446
0.034616
0.0220131
0.0114267
0.00336078
0.00100823
0.000168039
0.000168039
0.000168039
0.000168039
0.000168039
0.000168039
0.000168039
0.000168039
0.000168039
0.000168039
0.000336078
0.000336078
0.000336078
0.000672156
0.00100823
0.00134431
0.00134431
0.00117627
0.00268862
0.00201647
0.00134431
0.00134431
0.00134431
0.00134431
0.00134431
0.000672156
0.000504117
0.000168039
0.000168039
0.000168039
0.000168039
0.000168039
0.0987167
0.112367
0.0993
0.102183
0.0973667
0.09035
0.0986333
0.104417
0.0975167
0.09915
